    -5.005E-0002     -9.895E+0000     -1.624E-0027
     0.000E+0000      0.000E+0000      0.000E+0000
     5.005E-0002      9.895E+0000      1.624E-0027
     1.001E-0001      7.452E+0000      1.261E-0027
     1.502E-0001      1.464E+0001      2.651E-0027
     2.002E-0001      1.812E+0001      3.570E-0027
     2.503E-0001      2.336E+0001      5.062E-0027
     3.003E-0001      2.765E+0001      6.633E-0027
     3.504E-0001      3.245E+0001      8.651E-0027
     4.004E-0001      3.701E+0001      1.099E-0026
     4.505E-0001      4.166E+0001      1.381E-0026
     5.005E-0001      4.628E+0001      1.713E-0026
     5.506E-0001      5.091E+0001      2.103E-0026
     6.006E-0001      5.554E+0001      2.560E-0026
     6.507E-0001      6.017E+0001      3.093E-0026
     7.007E-0001      6.479E+0001      3.710E-0026
     7.508E-0001      6.942E+0001      4.425E-0026
     8.008E-0001      7.405E+0001      5.248E-0026
     8.509E-0001      7.868E+0001      6.192E-0026
     9.009E-0001      8.331E+0001      7.274E-0026
     9.510E-0001      8.793E+0001      8.510E-0026
     1.001E+0000      9.256E+0001      9.917E-0026
     1.051E+0000      9.719E+0001      1.152E-0025
     1.101E+0000      1.018E+0002      1.333E-0025
     1.151E+0000      1.064E+0002      1.538E-0025
     1.201E+0000      1.111E+0002      1.770E-0025
     1.251E+0000      1.157E+0002      2.031E-0025
     1.301E+0000      1.203E+0002      2.326E-0025
     1.351E+0000      1.250E+0002      2.656E-0025
     1.401E+0000      1.296E+0002      3.027E-0025
     1.451E+0000      1.342E+0002      3.443E-0025
     1.502E+0000      1.388E+0002      3.909E-0025
     1.552E+0000      1.435E+0002      4.429E-0025
     1.602E+0000      1.481E+0002      5.010E-0025
     1.652E+0000      1.527E+0002      5.658E-0025
     1.702E+0000      1.574E+0002      6.380E-0025
     1.752E+0000      1.620E+0002      7.183E-0025
     1.802E+0000      1.666E+0002      8.076E-0025
     1.852E+0000      1.713E+0002      9.069E-0025
     1.902E+0000      1.759E+0002      1.017E-0024
     1.952E+0000      1.805E+0002      1.139E-0024
     2.002E+0000      1.851E+0002      1.275E-0024
     2.052E+0000      1.898E+0002      1.425E-0024
     2.102E+0000      1.944E+0002      1.591E-0024
     2.152E+0000      1.990E+0002      1.774E-0024
     2.202E+0000      2.037E+0002      1.977E-0024
     2.252E+0000      2.083E+0002      2.201E-0024
     2.302E+0000      2.129E+0002      2.449E-0024
     2.352E+0000      2.176E+0002      2.722E-0024
     2.402E+0000      2.222E+0002      3.023E-0024
     2.452E+0000      2.269E+0002      3.354E-0024
     2.503E+0000      2.315E+0002      3.720E-0024
     2.553E+0000      2.361E+0002      4.122E-0024
     2.603E+0000      2.408E+0002      4.564E-0024
     2.653E+0000      2.454E+0002      5.051E-0024
     2.703E+0000      2.501E+0002      5.586E-0024
     2.753E+0000      2.547E+0002      6.175E-0024
     2.803E+0000      2.594E+0002      6.821E-0024
     2.853E+0000      2.640E+0002      7.530E-0024
     2.903E+0000      2.687E+0002      8.309E-0024
     2.953E+0000      2.733E+0002      9.164E-0024
     3.003E+0000      2.780E+0002      1.010E-0023
     3.053E+0000      2.827E+0002      1.113E-0023
     3.103E+0000      2.873E+0002      1.226E-0023
     3.153E+0000      2.920E+0002      1.349E-0023
     3.203E+0000      2.967E+0002      1.484E-0023
     3.253E+0000      3.014E+0002      1.632E-0023
     3.303E+0000      3.061E+0002      1.795E-0023
     3.353E+0000      3.108E+0002      1.972E-0023
     3.403E+0000      3.155E+0002      2.166E-0023
     3.453E+0000      3.202E+0002      2.379E-0023
     3.504E+0000      3.249E+0002      2.612E-0023
     3.554E+0000      3.296E+0002      2.866E-0023
     3.604E+0000      3.344E+0002      3.144E-0023
     3.654E+0000      3.391E+0002      3.448E-0023
     3.704E+0000      3.439E+0002      3.781E-0023
     3.754E+0000      3.487E+0002      4.144E-0023
     3.804E+0000      3.535E+0002      4.542E-0023
     3.854E+0000      3.583E+0002      4.976E-0023
     3.904E+0000      3.632E+0002      5.451E-0023
     3.954E+0000      3.680E+0002      5.970E-0023
     4.004E+0000      3.729E+0002      6.538E-0023
     4.054E+0000      3.778E+0002      7.158E-0023
     4.104E+0000      3.827E+0002      7.837E-0023
     4.154E+0000      3.877E+0002      8.580E-0023
     4.204E+0000      3.927E+0002      9.392E-0023
     4.254E+0000      3.977E+0002      1.028E-0022
     4.304E+0000      4.028E+0002      1.126E-0022
     4.354E+0000      4.079E+0002      1.232E-0022
     4.404E+0000      4.130E+0002      1.349E-0022
     4.454E+0000      4.182E+0002      1.477E-0022
     4.505E+0000      4.235E+0002      1.618E-0022
     4.555E+0000      4.288E+0002      1.773E-0022
     4.605E+0000      4.342E+0002      1.943E-0022
     4.655E+0000      4.397E+0002      2.130E-0022
     4.705E+0000      4.452E+0002      2.336E-0022
     4.755E+0000      4.508E+0002      2.563E-0022
     4.805E+0000      4.566E+0002      2.814E-0022
     4.855E+0000      4.624E+0002      3.091E-0022
     4.905E+0000      4.683E+0002      3.399E-0022
     4.955E+0000      4.744E+0002      3.740E-0022
     5.005E+0000      4.806E+0002      4.119E-0022
     5.055E+0000      4.869E+0002      4.542E-0022
     5.105E+0000      4.934E+0002      5.014E-0022
     5.155E+0000      5.000E+0002      5.543E-0022
     5.205E+0000      5.069E+0002      6.136E-0022
     5.255E+0000      5.139E+0002      6.804E-0022
     5.305E+0000      5.212E+0002      7.559E-0022
     5.355E+0000      5.287E+0002      8.415E-0022
     5.405E+0000      5.365E+0002      9.389E-0022
     5.455E+0000      5.445E+0002      1.050E-0021
     5.506E+0000      5.528E+0002      1.178E-0021
     5.556E+0000      5.615E+0002      1.325E-0021
     5.606E+0000      5.705E+0002      1.496E-0021
     5.656E+0000      5.800E+0002      1.695E-0021
     5.706E+0000      5.898E+0002      1.929E-0021
     5.756E+0000      6.000E+0002      2.204E-0021
     5.806E+0000      6.107E+0002      2.530E-0021
     5.856E+0000      6.217E+0002      2.918E-0021
     5.906E+0000      6.326E+0002      3.377E-0021
     5.956E+0000      6.422E+0002      3.900E-0021
     6.006E+0000      6.474E+0002      4.436E-0021
     6.056E+0000      6.418E+0002      4.826E-0021
     6.106E+0000      6.161E+0002      4.785E-0021
     6.156E+0000      5.583E+0002      4.029E-0021
     6.206E+0000      4.558E+0002      2.629E-0021
     6.256E+0000      3.014E+0002      1.193E-0021
     6.306E+0000      1.216E+0002      3.205E-0022
     6.356E+0000      1.317E+0001      2.768E-0023
     6.406E+0000      7.384E-0002      1.480E-0025
     6.456E+0000      1.072E-0006      2.144E-0030
     6.507E+0000      1.053E-0016      2.107E-0040
     6.557E+0000      4.606E-0037      9.211E-0061
     6.607E+0000      3.694E-0078      7.388E-0102
     6.657E+0000      8.652E-0161      1.730E-0184
     6.707E+0000      0.000E+0000      0.000E+0000
     6.757E+0000      0.000E+0000      0.000E+0000
     6.807E+0000      0.000E+0000      0.000E+0000
     6.857E+0000      0.000E+0000      0.000E+0000
     6.907E+0000      0.000E+0000      0.000E+0000
     6.957E+0000      0.000E+0000      0.000E+0000
     7.007E+0000      0.000E+0000      0.000E+0000
     7.057E+0000      0.000E+0000      0.000E+0000
     7.107E+0000      0.000E+0000      0.000E+0000
     7.157E+0000      0.000E+0000      0.000E+0000
     7.207E+0000      0.000E+0000      0.000E+0000
     7.257E+0000      0.000E+0000      0.000E+0000
     7.307E+0000      0.000E+0000      0.000E+0000
     7.357E+0000      0.000E+0000      0.000E+0000
     7.407E+0000      0.000E+0000      0.000E+0000
     7.457E+0000      0.000E+0000      0.000E+0000
     7.508E+0000      0.000E+0000      0.000E+0000
     7.558E+0000      0.000E+0000      0.000E+0000
     7.608E+0000      0.000E+0000      0.000E+0000
     7.658E+0000      0.000E+0000      0.000E+0000
     7.708E+0000      0.000E+0000      0.000E+0000
     7.758E+0000      0.000E+0000      0.000E+0000
     7.808E+0000      0.000E+0000      0.000E+0000
     7.858E+0000      0.000E+0000      0.000E+0000
     7.908E+0000      0.000E+0000      0.000E+0000
     7.958E+0000      0.000E+0000      0.000E+0000
     8.008E+0000      0.000E+0000      0.000E+0000
     8.058E+0000      0.000E+0000      0.000E+0000
     8.108E+0000      0.000E+0000      0.000E+0000
     8.158E+0000      0.000E+0000      0.000E+0000
     8.208E+0000      0.000E+0000      0.000E+0000
     8.258E+0000      0.000E+0000      0.000E+0000
     8.308E+0000      0.000E+0000      0.000E+0000
     8.358E+0000      0.000E+0000      0.000E+0000
     8.408E+0000      0.000E+0000      0.000E+0000
     8.458E+0000      0.000E+0000      0.000E+0000
     8.509E+0000      0.000E+0000      0.000E+0000
     8.559E+0000      0.000E+0000      0.000E+0000
     8.609E+0000      0.000E+0000      0.000E+0000
     8.659E+0000      0.000E+0000      0.000E+0000
     8.709E+0000      0.000E+0000      0.000E+0000
     8.759E+0000      0.000E+0000      0.000E+0000
     8.809E+0000      0.000E+0000      0.000E+0000
     8.859E+0000      0.000E+0000      0.000E+0000
     8.909E+0000      0.000E+0000      0.000E+0000
     8.959E+0000      0.000E+0000      0.000E+0000
     9.009E+0000      0.000E+0000      0.000E+0000
     9.059E+0000      0.000E+0000      0.000E+0000
     9.109E+0000      0.000E+0000      0.000E+0000
     9.159E+0000      0.000E+0000      0.000E+0000
     9.209E+0000      0.000E+0000      0.000E+0000
     9.259E+0000      0.000E+0000      0.000E+0000
     9.309E+0000      0.000E+0000      0.000E+0000
     9.359E+0000      0.000E+0000      0.000E+0000
     9.409E+0000      0.000E+0000      0.000E+0000
     9.459E+0000      0.000E+0000      0.000E+0000
     9.510E+0000      0.000E+0000      0.000E+0000
     9.560E+0000      0.000E+0000      0.000E+0000
     9.610E+0000      0.000E+0000      0.000E+0000
     9.660E+0000      0.000E+0000      0.000E+0000
     9.710E+0000      0.000E+0000      0.000E+0000
     9.760E+0000      0.000E+0000      0.000E+0000
     9.810E+0000      0.000E+0000      0.000E+0000
     9.860E+0000      0.000E+0000      0.000E+0000
     9.910E+0000      0.000E+0000      0.000E+0000
     9.960E+0000      0.000E+0000      0.000E+0000
     1.001E+0001      0.000E+0000      0.000E+0000
     1.006E+0001      0.000E+0000      0.000E+0000
     1.011E+0001      0.000E+0000      0.000E+0000
     1.016E+0001      0.000E+0000      0.000E+0000
     1.021E+0001      0.000E+0000      0.000E+0000
     1.026E+0001      0.000E+0000      0.000E+0000
     1.031E+0001      0.000E+0000      0.000E+0000
     1.036E+0001      0.000E+0000      0.000E+0000
     1.041E+0001      0.000E+0000      0.000E+0000
     1.046E+0001      0.000E+0000      0.000E+0000
     1.051E+0001      0.000E+0000      0.000E+0000
     1.056E+0001      0.000E+0000      0.000E+0000
     1.061E+0001      0.000E+0000      0.000E+0000
     1.066E+0001      0.000E+0000      0.000E+0000
     1.071E+0001      0.000E+0000      0.000E+0000
     1.076E+0001      0.000E+0000      0.000E+0000
     1.081E+0001      0.000E+0000      0.000E+0000
     1.086E+0001      0.000E+0000      0.000E+0000
     1.091E+0001      0.000E+0000      0.000E+0000
     1.096E+0001      0.000E+0000      0.000E+0000
     1.101E+0001      0.000E+0000      0.000E+0000
     1.106E+0001      0.000E+0000      0.000E+0000
     1.111E+0001      0.000E+0000      0.000E+0000
     1.116E+0001      0.000E+0000      0.000E+0000
     1.121E+0001      0.000E+0000      0.000E+0000
     1.126E+0001      0.000E+0000      0.000E+0000
     1.131E+0001      0.000E+0000      0.000E+0000
     1.136E+0001      0.000E+0000      0.000E+0000
     1.141E+0001      0.000E+0000      0.000E+0000
     1.146E+0001      0.000E+0000      0.000E+0000
     1.151E+0001      0.000E+0000      0.000E+0000
     1.156E+0001      0.000E+0000      0.000E+0000
     1.161E+0001      0.000E+0000      0.000E+0000
     1.166E+0001      0.000E+0000      0.000E+0000
     1.171E+0001      0.000E+0000      0.000E+0000
     1.176E+0001      0.000E+0000      0.000E+0000
     1.181E+0001      0.000E+0000      0.000E+0000
     1.186E+0001      0.000E+0000      0.000E+0000
     1.191E+0001      0.000E+0000      0.000E+0000
     1.196E+0001      0.000E+0000      0.000E+0000
     1.201E+0001      0.000E+0000      0.000E+0000
     1.206E+0001      0.000E+0000      0.000E+0000
     1.211E+0001      0.000E+0000      0.000E+0000
     1.216E+0001      0.000E+0000      0.000E+0000
     1.221E+0001      0.000E+0000      0.000E+0000
     1.226E+0001      0.000E+0000      0.000E+0000
     1.231E+0001      0.000E+0000      0.000E+0000
     1.236E+0001      0.000E+0000      0.000E+0000
     1.241E+0001      0.000E+0000      0.000E+0000
     1.246E+0001      0.000E+0000      0.000E+0000
     1.251E+0001      0.000E+0000      0.000E+0000
     1.256E+0001      0.000E+0000      0.000E+0000
     1.261E+0001      0.000E+0000      0.000E+0000
     1.266E+0001      0.000E+0000      0.000E+0000
     1.271E+0001      0.000E+0000      0.000E+0000
     1.276E+0001      0.000E+0000      0.000E+0000
     1.281E+0001      0.000E+0000      0.000E+0000
     1.286E+0001      0.000E+0000      0.000E+0000
     1.291E+0001      0.000E+0000      0.000E+0000
     1.296E+0001      0.000E+0000      0.000E+0000
     1.301E+0001      0.000E+0000      0.000E+0000
     1.306E+0001      0.000E+0000      0.000E+0000
     1.311E+0001      0.000E+0000      0.000E+0000
     1.316E+0001      0.000E+0000      0.000E+0000
     1.321E+0001      0.000E+0000      0.000E+0000
     1.326E+0001      0.000E+0000      0.000E+0000
     1.331E+0001      0.000E+0000      0.000E+0000
     1.336E+0001      0.000E+0000      0.000E+0000
     1.341E+0001      0.000E+0000      0.000E+0000
     1.346E+0001      0.000E+0000      0.000E+0000
     1.351E+0001      0.000E+0000      0.000E+0000
     1.356E+0001      0.000E+0000      0.000E+0000
     1.361E+0001      0.000E+0000      0.000E+0000
     1.366E+0001      0.000E+0000      0.000E+0000
     1.371E+0001      0.000E+0000      0.000E+0000
     1.376E+0001      0.000E+0000      0.000E+0000
     1.381E+0001      0.000E+0000      0.000E+0000
     1.386E+0001      0.000E+0000      0.000E+0000
     1.391E+0001      0.000E+0000      0.000E+0000
     1.396E+0001      0.000E+0000      0.000E+0000
     1.401E+0001      0.000E+0000      0.000E+0000
     1.406E+0001      0.000E+0000      0.000E+0000
     1.411E+0001      0.000E+0000      0.000E+0000
     1.416E+0001      0.000E+0000      0.000E+0000
     1.421E+0001      0.000E+0000      0.000E+0000
     1.426E+0001      0.000E+0000      0.000E+0000
     1.431E+0001      0.000E+0000      0.000E+0000
     1.436E+0001      0.000E+0000      0.000E+0000
     1.441E+0001      0.000E+0000      0.000E+0000
     1.446E+0001      0.000E+0000      0.000E+0000
     1.451E+0001      0.000E+0000      0.000E+0000
     1.456E+0001      0.000E+0000      0.000E+0000
     1.461E+0001      0.000E+0000      0.000E+0000
     1.466E+0001      0.000E+0000      0.000E+0000
     1.471E+0001      0.000E+0000      0.000E+0000
     1.476E+0001      0.000E+0000      0.000E+0000
     1.481E+0001      0.000E+0000      0.000E+0000
     1.486E+0001      0.000E+0000      0.000E+0000
     1.491E+0001      0.000E+0000      0.000E+0000
     1.496E+0001      0.000E+0000      0.000E+0000
     1.502E+0001      0.000E+0000      0.000E+0000
     1.507E+0001      0.000E+0000      0.000E+0000
     1.512E+0001      0.000E+0000      0.000E+0000
     1.517E+0001      0.000E+0000      0.000E+0000
     1.522E+0001      0.000E+0000      0.000E+0000
     1.527E+0001      0.000E+0000      0.000E+0000
     1.532E+0001      0.000E+0000      0.000E+0000
     1.537E+0001      0.000E+0000      0.000E+0000
     1.542E+0001      0.000E+0000      0.000E+0000
     1.547E+0001      0.000E+0000      0.000E+0000
     1.552E+0001      0.000E+0000      0.000E+0000
     1.557E+0001      0.000E+0000      0.000E+0000
     1.562E+0001      0.000E+0000      0.000E+0000
     1.567E+0001      0.000E+0000      0.000E+0000
     1.572E+0001      0.000E+0000      0.000E+0000
     1.577E+0001      0.000E+0000      0.000E+0000
     1.582E+0001      0.000E+0000      0.000E+0000
     1.587E+0001      0.000E+0000      0.000E+0000
     1.592E+0001      0.000E+0000      0.000E+0000
     1.597E+0001      0.000E+0000      0.000E+0000
     1.602E+0001      0.000E+0000      0.000E+0000
     1.607E+0001      0.000E+0000      0.000E+0000
     1.612E+0001      0.000E+0000      0.000E+0000
     1.617E+0001      0.000E+0000      0.000E+0000
     1.622E+0001      0.000E+0000      0.000E+0000
     1.627E+0001      0.000E+0000      0.000E+0000
     1.632E+0001      0.000E+0000      0.000E+0000
     1.637E+0001      0.000E+0000      0.000E+0000
     1.642E+0001      0.000E+0000      0.000E+0000
     1.647E+0001      0.000E+0000      0.000E+0000
     1.652E+0001      0.000E+0000      0.000E+0000
     1.657E+0001      0.000E+0000      0.000E+0000
     1.662E+0001      0.000E+0000      0.000E+0000
     1.667E+0001      0.000E+0000      0.000E+0000
     1.672E+0001      0.000E+0000      0.000E+0000
     1.677E+0001      0.000E+0000      0.000E+0000
     1.682E+0001      0.000E+0000      0.000E+0000
     1.687E+0001      0.000E+0000      0.000E+0000
     1.692E+0001      0.000E+0000      0.000E+0000
     1.697E+0001      0.000E+0000      0.000E+0000
     1.702E+0001      0.000E+0000      0.000E+0000
     1.707E+0001      0.000E+0000      0.000E+0000
     1.712E+0001      0.000E+0000      0.000E+0000
     1.717E+0001      0.000E+0000      0.000E+0000
     1.722E+0001      0.000E+0000      0.000E+0000
     1.727E+0001      0.000E+0000      0.000E+0000
     1.732E+0001      0.000E+0000      0.000E+0000
     1.737E+0001      0.000E+0000      0.000E+0000
     1.742E+0001      0.000E+0000      0.000E+0000
     1.747E+0001      0.000E+0000      0.000E+0000
     1.752E+0001      0.000E+0000      0.000E+0000
     1.757E+0001      0.000E+0000      0.000E+0000
     1.762E+0001      0.000E+0000      0.000E+0000
     1.767E+0001      0.000E+0000      0.000E+0000
     1.772E+0001      0.000E+0000      0.000E+0000
     1.777E+0001      0.000E+0000      0.000E+0000
     1.782E+0001      0.000E+0000      0.000E+0000
     1.787E+0001      0.000E+0000      0.000E+0000
     1.792E+0001      0.000E+0000      0.000E+0000
     1.797E+0001      0.000E+0000      0.000E+0000
     1.802E+0001      0.000E+0000      0.000E+0000
     1.807E+0001      0.000E+0000      0.000E+0000
     1.812E+0001      0.000E+0000      0.000E+0000
     1.817E+0001      0.000E+0000      0.000E+0000
     1.822E+0001      0.000E+0000      0.000E+0000
     1.827E+0001      0.000E+0000      0.000E+0000
     1.832E+0001      0.000E+0000      0.000E+0000
     1.837E+0001      0.000E+0000      0.000E+0000
     1.842E+0001      0.000E+0000      0.000E+0000
     1.847E+0001      0.000E+0000      0.000E+0000
     1.852E+0001      0.000E+0000      0.000E+0000
     1.857E+0001      0.000E+0000      0.000E+0000
     1.862E+0001      0.000E+0000      0.000E+0000
     1.867E+0001      0.000E+0000      0.000E+0000
     1.872E+0001      0.000E+0000      0.000E+0000
     1.877E+0001      0.000E+0000      0.000E+0000
     1.882E+0001      0.000E+0000      0.000E+0000
     1.887E+0001      0.000E+0000      0.000E+0000
     1.892E+0001      0.000E+0000      0.000E+0000
     1.897E+0001      0.000E+0000      0.000E+0000
     1.902E+0001      0.000E+0000      0.000E+0000
     1.907E+0001      0.000E+0000      0.000E+0000
     1.912E+0001      0.000E+0000      0.000E+0000
     1.917E+0001      0.000E+0000      0.000E+0000
     1.922E+0001      0.000E+0000      0.000E+0000
     1.927E+0001      0.000E+0000      0.000E+0000
     1.932E+0001      0.000E+0000      0.000E+0000
     1.937E+0001      0.000E+0000      0.000E+0000
     1.942E+0001      0.000E+0000      0.000E+0000
     1.947E+0001      0.000E+0000      0.000E+0000
     1.952E+0001      0.000E+0000      0.000E+0000
     1.957E+0001      0.000E+0000      0.000E+0000
     1.962E+0001      0.000E+0000      0.000E+0000
     1.967E+0001      0.000E+0000      0.000E+0000
     1.972E+0001      0.000E+0000      0.000E+0000
     1.977E+0001      0.000E+0000      0.000E+0000
     1.982E+0001      0.000E+0000      0.000E+0000
     1.987E+0001      0.000E+0000      0.000E+0000
     1.992E+0001      0.000E+0000      0.000E+0000
     1.997E+0001      0.000E+0000      0.000E+0000
     2.002E+0001      0.000E+0000      0.000E+0000
     2.007E+0001      0.000E+0000      0.000E+0000
     2.012E+0001      0.000E+0000      0.000E+0000
     2.017E+0001      0.000E+0000      0.000E+0000
     2.022E+0001      0.000E+0000      0.000E+0000
     2.027E+0001      0.000E+0000      0.000E+0000
     2.032E+0001      0.000E+0000      0.000E+0000
     2.037E+0001      0.000E+0000      0.000E+0000
     2.042E+0001      0.000E+0000      0.000E+0000
     2.047E+0001      0.000E+0000      0.000E+0000
     2.052E+0001      0.000E+0000      0.000E+0000
     2.057E+0001      0.000E+0000      0.000E+0000
     2.062E+0001      0.000E+0000      0.000E+0000
     2.067E+0001      0.000E+0000      0.000E+0000
     2.072E+0001      0.000E+0000      0.000E+0000
     2.077E+0001      0.000E+0000      0.000E+0000
     2.082E+0001      0.000E+0000      0.000E+0000
     2.087E+0001      0.000E+0000      0.000E+0000
     2.092E+0001      0.000E+0000      0.000E+0000
     2.097E+0001      0.000E+0000      0.000E+0000
     2.102E+0001      0.000E+0000      0.000E+0000
     2.107E+0001      0.000E+0000      0.000E+0000
     2.112E+0001      0.000E+0000      0.000E+0000
     2.117E+0001      0.000E+0000      0.000E+0000
     2.122E+0001      0.000E+0000      0.000E+0000
     2.127E+0001      0.000E+0000      0.000E+0000
     2.132E+0001      0.000E+0000      0.000E+0000
     2.137E+0001      0.000E+0000      0.000E+0000
     2.142E+0001      0.000E+0000      0.000E+0000
     2.147E+0001      0.000E+0000      0.000E+0000
     2.152E+0001      0.000E+0000      0.000E+0000
     2.157E+0001      0.000E+0000      0.000E+0000
     2.162E+0001      0.000E+0000      0.000E+0000
     2.167E+0001      0.000E+0000      0.000E+0000
     2.172E+0001      0.000E+0000      0.000E+0000
     2.177E+0001      0.000E+0000      0.000E+0000
     2.182E+0001      0.000E+0000      0.000E+0000
     2.187E+0001      0.000E+0000      0.000E+0000
     2.192E+0001      0.000E+0000      0.000E+0000
     2.197E+0001      0.000E+0000      0.000E+0000
     2.202E+0001      0.000E+0000      0.000E+0000
     2.207E+0001      0.000E+0000      0.000E+0000
     2.212E+0001      0.000E+0000      0.000E+0000
     2.217E+0001      0.000E+0000      0.000E+0000
     2.222E+0001      0.000E+0000      0.000E+0000
     2.227E+0001      0.000E+0000      0.000E+0000
     2.232E+0001      0.000E+0000      0.000E+0000
     2.237E+0001      0.000E+0000      0.000E+0000
     2.242E+0001      0.000E+0000      0.000E+0000
     2.247E+0001      0.000E+0000      0.000E+0000
     2.252E+0001      0.000E+0000      0.000E+0000
     2.257E+0001      0.000E+0000      0.000E+0000
     2.262E+0001      0.000E+0000      0.000E+0000
     2.267E+0001      0.000E+0000      0.000E+0000
     2.272E+0001      0.000E+0000      0.000E+0000
     2.277E+0001      0.000E+0000      0.000E+0000
     2.282E+0001      0.000E+0000      0.000E+0000
     2.287E+0001      0.000E+0000      0.000E+0000
     2.292E+0001      0.000E+0000      0.000E+0000
     2.297E+0001      0.000E+0000      0.000E+0000
     2.302E+0001      0.000E+0000      0.000E+0000
     2.307E+0001      0.000E+0000      0.000E+0000
     2.312E+0001      0.000E+0000      0.000E+0000
     2.317E+0001      0.000E+0000      0.000E+0000
     2.322E+0001      0.000E+0000      0.000E+0000
     2.327E+0001      0.000E+0000      0.000E+0000
     2.332E+0001      0.000E+0000      0.000E+0000
     2.337E+0001      0.000E+0000      0.000E+0000
     2.342E+0001      0.000E+0000      0.000E+0000
     2.347E+0001      0.000E+0000      0.000E+0000
     2.352E+0001      0.000E+0000      0.000E+0000
     2.357E+0001      0.000E+0000      0.000E+0000
     2.362E+0001      0.000E+0000      0.000E+0000
     2.367E+0001      0.000E+0000      0.000E+0000
     2.372E+0001      0.000E+0000      0.000E+0000
     2.377E+0001      0.000E+0000      0.000E+0000
     2.382E+0001      0.000E+0000      0.000E+0000
     2.387E+0001      0.000E+0000      0.000E+0000
     2.392E+0001      0.000E+0000      0.000E+0000
     2.397E+0001      0.000E+0000      0.000E+0000
     2.402E+0001      0.000E+0000      0.000E+0000
     2.407E+0001      0.000E+0000      0.000E+0000
     2.412E+0001      0.000E+0000      0.000E+0000
     2.417E+0001      0.000E+0000      0.000E+0000
     2.422E+0001      0.000E+0000      0.000E+0000
     2.427E+0001      0.000E+0000      0.000E+0000
     2.432E+0001      0.000E+0000      0.000E+0000
     2.437E+0001      0.000E+0000      0.000E+0000
     2.442E+0001      0.000E+0000      0.000E+0000
     2.447E+0001      0.000E+0000      0.000E+0000
     2.452E+0001      0.000E+0000      0.000E+0000
     2.457E+0001      0.000E+0000      0.000E+0000
     2.462E+0001      0.000E+0000      0.000E+0000
     2.467E+0001      0.000E+0000      0.000E+0000
     2.472E+0001      0.000E+0000      0.000E+0000
     2.477E+0001      0.000E+0000      0.000E+0000
     2.482E+0001      0.000E+0000      0.000E+0000
     2.487E+0001      0.000E+0000      0.000E+0000
     2.492E+0001      0.000E+0000      0.000E+0000
     2.497E+0001      0.000E+0000      0.000E+0000
     2.503E+0001      0.000E+0000      0.000E+0000
     2.508E+0001      0.000E+0000      0.000E+0000
     2.513E+0001      0.000E+0000      0.000E+0000
     2.518E+0001      0.000E+0000      0.000E+0000
     2.523E+0001      0.000E+0000      0.000E+0000
     2.528E+0001      0.000E+0000      0.000E+0000
     2.533E+0001      0.000E+0000      0.000E+0000
     2.538E+0001      0.000E+0000      0.000E+0000
     2.543E+0001      0.000E+0000      0.000E+0000
     2.548E+0001      0.000E+0000      0.000E+0000
     2.553E+0001      0.000E+0000      0.000E+0000
     2.558E+0001      0.000E+0000      0.000E+0000
     2.563E+0001      0.000E+0000      0.000E+0000
     2.568E+0001      0.000E+0000      0.000E+0000
     2.573E+0001      0.000E+0000      0.000E+0000
     2.578E+0001      0.000E+0000      0.000E+0000
     2.583E+0001      0.000E+0000      0.000E+0000
     2.588E+0001      0.000E+0000      0.000E+0000
     2.593E+0001      0.000E+0000      0.000E+0000
     2.598E+0001      0.000E+0000      0.000E+0000
     2.603E+0001      0.000E+0000      0.000E+0000
     2.608E+0001      0.000E+0000      0.000E+0000
     2.613E+0001      0.000E+0000      0.000E+0000
     2.618E+0001      0.000E+0000      0.000E+0000
     2.623E+0001      0.000E+0000      0.000E+0000
     2.628E+0001      0.000E+0000      0.000E+0000
     2.633E+0001      0.000E+0000      0.000E+0000
     2.638E+0001      0.000E+0000      0.000E+0000
     2.643E+0001      0.000E+0000      0.000E+0000
     2.648E+0001      0.000E+0000      0.000E+0000
     2.653E+0001      0.000E+0000      0.000E+0000
     2.658E+0001      0.000E+0000      0.000E+0000
     2.663E+0001      0.000E+0000      0.000E+0000
     2.668E+0001      0.000E+0000      0.000E+0000
     2.673E+0001      0.000E+0000      0.000E+0000
     2.678E+0001      0.000E+0000      0.000E+0000
     2.683E+0001      0.000E+0000      0.000E+0000
     2.688E+0001      0.000E+0000      0.000E+0000
     2.693E+0001      0.000E+0000      0.000E+0000
     2.698E+0001      0.000E+0000      0.000E+0000
     2.703E+0001      0.000E+0000      0.000E+0000
     2.708E+0001      0.000E+0000      0.000E+0000
     2.713E+0001      0.000E+0000      0.000E+0000
     2.718E+0001      0.000E+0000      0.000E+0000
     2.723E+0001      0.000E+0000      0.000E+0000
     2.728E+0001      0.000E+0000      0.000E+0000
     2.733E+0001      0.000E+0000      0.000E+0000
     2.738E+0001      0.000E+0000      0.000E+0000
     2.743E+0001      0.000E+0000      0.000E+0000
     2.748E+0001      0.000E+0000      0.000E+0000
     2.753E+0001      0.000E+0000      0.000E+0000
     2.758E+0001      0.000E+0000      0.000E+0000
     2.763E+0001      0.000E+0000      0.000E+0000
     2.768E+0001      0.000E+0000      0.000E+0000
     2.773E+0001      0.000E+0000      0.000E+0000
     2.778E+0001      0.000E+0000      0.000E+0000
     2.783E+0001      0.000E+0000      0.000E+0000
     2.788E+0001      0.000E+0000      0.000E+0000
     2.793E+0001      0.000E+0000      0.000E+0000
     2.798E+0001      0.000E+0000      0.000E+0000
     2.803E+0001      0.000E+0000      0.000E+0000
     2.808E+0001      0.000E+0000      0.000E+0000
     2.813E+0001      0.000E+0000      0.000E+0000
     2.818E+0001      0.000E+0000      0.000E+0000
     2.823E+0001      0.000E+0000      0.000E+0000
     2.828E+0001      0.000E+0000      0.000E+0000
     2.833E+0001      0.000E+0000      0.000E+0000
     2.838E+0001      0.000E+0000      0.000E+0000
     2.843E+0001      0.000E+0000      0.000E+0000
     2.848E+0001      0.000E+0000      0.000E+0000
     2.853E+0001      0.000E+0000      0.000E+0000
     2.858E+0001      0.000E+0000      0.000E+0000
     2.863E+0001      0.000E+0000      0.000E+0000
     2.868E+0001      0.000E+0000      0.000E+0000
     2.873E+0001      0.000E+0000      0.000E+0000
     2.878E+0001      0.000E+0000      0.000E+0000
     2.883E+0001      0.000E+0000      0.000E+0000
     2.888E+0001      0.000E+0000      0.000E+0000
     2.893E+0001      0.000E+0000      0.000E+0000
     2.898E+0001      0.000E+0000      0.000E+0000
     2.903E+0001      0.000E+0000      0.000E+0000
     2.908E+0001      0.000E+0000      0.000E+0000
     2.913E+0001      0.000E+0000      0.000E+0000
     2.918E+0001      0.000E+0000      0.000E+0000
     2.923E+0001      0.000E+0000      0.000E+0000
     2.928E+0001      0.000E+0000      0.000E+0000
     2.933E+0001      0.000E+0000      0.000E+0000
     2.938E+0001      0.000E+0000      0.000E+0000
     2.943E+0001      0.000E+0000      0.000E+0000
     2.948E+0001      0.000E+0000      0.000E+0000
     2.953E+0001      0.000E+0000      0.000E+0000
     2.958E+0001      0.000E+0000      0.000E+0000
     2.963E+0001      0.000E+0000      0.000E+0000
     2.968E+0001      0.000E+0000      0.000E+0000
     2.973E+0001      0.000E+0000      0.000E+0000
     2.978E+0001      0.000E+0000      0.000E+0000
     2.983E+0001      0.000E+0000      0.000E+0000
     2.988E+0001      0.000E+0000      0.000E+0000
     2.993E+0001      0.000E+0000      0.000E+0000
     2.998E+0001      0.000E+0000      0.000E+0000
     3.003E+0001      0.000E+0000      0.000E+0000
     3.008E+0001      0.000E+0000      0.000E+0000
     3.013E+0001      0.000E+0000      0.000E+0000
     3.018E+0001      0.000E+0000      0.000E+0000
     3.023E+0001      0.000E+0000      0.000E+0000
     3.028E+0001      0.000E+0000      0.000E+0000
     3.033E+0001      0.000E+0000      0.000E+0000
     3.038E+0001      0.000E+0000      0.000E+0000
     3.043E+0001      0.000E+0000      0.000E+0000
     3.048E+0001      0.000E+0000      0.000E+0000
     3.053E+0001      0.000E+0000      0.000E+0000
     3.058E+0001      0.000E+0000      0.000E+0000
     3.063E+0001      0.000E+0000      0.000E+0000
     3.068E+0001      0.000E+0000      0.000E+0000
     3.073E+0001      0.000E+0000      0.000E+0000
     3.078E+0001      0.000E+0000      0.000E+0000
     3.083E+0001      0.000E+0000      0.000E+0000
     3.088E+0001      0.000E+0000      0.000E+0000
     3.093E+0001      0.000E+0000      0.000E+0000
     3.098E+0001      0.000E+0000      0.000E+0000
     3.103E+0001      0.000E+0000      0.000E+0000
     3.108E+0001      0.000E+0000      0.000E+0000
     3.113E+0001      0.000E+0000      0.000E+0000
     3.118E+0001      0.000E+0000      0.000E+0000
     3.123E+0001      0.000E+0000      0.000E+0000
     3.128E+0001      0.000E+0000      0.000E+0000
     3.133E+0001      0.000E+0000      0.000E+0000
     3.138E+0001      0.000E+0000      0.000E+0000
     3.143E+0001      0.000E+0000      0.000E+0000
     3.148E+0001      0.000E+0000      0.000E+0000
     3.153E+0001      0.000E+0000      0.000E+0000
     3.158E+0001      0.000E+0000      0.000E+0000
     3.163E+0001      0.000E+0000      0.000E+0000
     3.168E+0001      0.000E+0000      0.000E+0000
     3.173E+0001      0.000E+0000      0.000E+0000
     3.178E+0001      0.000E+0000      0.000E+0000
     3.183E+0001      0.000E+0000      0.000E+0000
     3.188E+0001      0.000E+0000      0.000E+0000
     3.193E+0001      0.000E+0000      0.000E+0000
     3.198E+0001      0.000E+0000      0.000E+0000
     3.203E+0001      0.000E+0000      0.000E+0000
     3.208E+0001      0.000E+0000      0.000E+0000
     3.213E+0001      0.000E+0000      0.000E+0000
     3.218E+0001      0.000E+0000      0.000E+0000
     3.223E+0001      0.000E+0000      0.000E+0000
     3.228E+0001      0.000E+0000      0.000E+0000
     3.233E+0001      0.000E+0000      0.000E+0000
     3.238E+0001      0.000E+0000      0.000E+0000
     3.243E+0001      0.000E+0000      0.000E+0000
     3.248E+0001      0.000E+0000      0.000E+0000
     3.253E+0001      0.000E+0000      0.000E+0000
     3.258E+0001      0.000E+0000      0.000E+0000
     3.263E+0001      0.000E+0000      0.000E+0000
     3.268E+0001      0.000E+0000      0.000E+0000
     3.273E+0001      0.000E+0000      0.000E+0000
     3.278E+0001      0.000E+0000      0.000E+0000
     3.283E+0001      0.000E+0000      0.000E+0000
     3.288E+0001      0.000E+0000      0.000E+0000
     3.293E+0001      0.000E+0000      0.000E+0000
     3.298E+0001      0.000E+0000      0.000E+0000
     3.303E+0001      0.000E+0000      0.000E+0000
     3.308E+0001      0.000E+0000      0.000E+0000
     3.313E+0001      0.000E+0000      0.000E+0000
     3.318E+0001      0.000E+0000      0.000E+0000
     3.323E+0001      0.000E+0000      0.000E+0000
     3.328E+0001      0.000E+0000      0.000E+0000
     3.333E+0001      0.000E+0000      0.000E+0000
     3.338E+0001      0.000E+0000      0.000E+0000
     3.343E+0001      0.000E+0000      0.000E+0000
     3.348E+0001      0.000E+0000      0.000E+0000
     3.353E+0001      0.000E+0000      0.000E+0000
     3.358E+0001      0.000E+0000      0.000E+0000
     3.363E+0001      0.000E+0000      0.000E+0000
     3.368E+0001      0.000E+0000      0.000E+0000
     3.373E+0001      0.000E+0000      0.000E+0000
     3.378E+0001      0.000E+0000      0.000E+0000
     3.383E+0001      0.000E+0000      0.000E+0000
     3.388E+0001      0.000E+0000      0.000E+0000
     3.393E+0001      0.000E+0000      0.000E+0000
     3.398E+0001      0.000E+0000      0.000E+0000
     3.403E+0001      0.000E+0000      0.000E+0000
     3.408E+0001      0.000E+0000      0.000E+0000
     3.413E+0001      0.000E+0000      0.000E+0000
     3.418E+0001      0.000E+0000      0.000E+0000
     3.423E+0001      0.000E+0000      0.000E+0000
     3.428E+0001      0.000E+0000      0.000E+0000
     3.433E+0001      0.000E+0000      0.000E+0000
     3.438E+0001      0.000E+0000      0.000E+0000
     3.443E+0001      0.000E+0000      0.000E+0000
     3.448E+0001      0.000E+0000      0.000E+0000
     3.453E+0001      0.000E+0000      0.000E+0000
     3.458E+0001      0.000E+0000      0.000E+0000
     3.463E+0001      0.000E+0000      0.000E+0000
     3.468E+0001      0.000E+0000      0.000E+0000
     3.473E+0001      0.000E+0000      0.000E+0000
     3.478E+0001      0.000E+0000      0.000E+0000
     3.483E+0001      0.000E+0000      0.000E+0000
     3.488E+0001      0.000E+0000      0.000E+0000
     3.493E+0001      0.000E+0000      0.000E+0000
     3.498E+0001      0.000E+0000      0.000E+0000
     3.504E+0001      0.000E+0000      0.000E+0000
     3.509E+0001      0.000E+0000      0.000E+0000
     3.514E+0001      0.000E+0000      0.000E+0000
     3.519E+0001      0.000E+0000      0.000E+0000
     3.524E+0001      0.000E+0000      0.000E+0000
     3.529E+0001      0.000E+0000      0.000E+0000
     3.534E+0001      0.000E+0000      0.000E+0000
     3.539E+0001      0.000E+0000      0.000E+0000
     3.544E+0001      0.000E+0000      0.000E+0000
     3.549E+0001      0.000E+0000      0.000E+0000
     3.554E+0001      0.000E+0000      0.000E+0000
     3.559E+0001      0.000E+0000      0.000E+0000
     3.564E+0001      0.000E+0000      0.000E+0000
     3.569E+0001      0.000E+0000      0.000E+0000
     3.574E+0001      0.000E+0000      0.000E+0000
     3.579E+0001      0.000E+0000      0.000E+0000
     3.584E+0001      0.000E+0000      0.000E+0000
     3.589E+0001      0.000E+0000      0.000E+0000
     3.594E+0001      0.000E+0000      0.000E+0000
     3.599E+0001      0.000E+0000      0.000E+0000
     3.604E+0001      0.000E+0000      0.000E+0000
     3.609E+0001      0.000E+0000      0.000E+0000
     3.614E+0001      0.000E+0000      0.000E+0000
     3.619E+0001      0.000E+0000      0.000E+0000
     3.624E+0001      0.000E+0000      0.000E+0000
     3.629E+0001      0.000E+0000      0.000E+0000
     3.634E+0001      0.000E+0000      0.000E+0000
     3.639E+0001      0.000E+0000      0.000E+0000
     3.644E+0001      0.000E+0000      0.000E+0000
     3.649E+0001      0.000E+0000      0.000E+0000
     3.654E+0001      0.000E+0000      0.000E+0000
     3.659E+0001      0.000E+0000      0.000E+0000
     3.664E+0001      0.000E+0000      0.000E+0000
     3.669E+0001      0.000E+0000      0.000E+0000
     3.674E+0001      0.000E+0000      0.000E+0000
     3.679E+0001      0.000E+0000      0.000E+0000
     3.684E+0001      0.000E+0000      0.000E+0000
     3.689E+0001      0.000E+0000      0.000E+0000
     3.694E+0001      0.000E+0000      0.000E+0000
     3.699E+0001      0.000E+0000      0.000E+0000
     3.704E+0001      0.000E+0000      0.000E+0000
     3.709E+0001      0.000E+0000      0.000E+0000
     3.714E+0001      0.000E+0000      0.000E+0000
     3.719E+0001      0.000E+0000      0.000E+0000
     3.724E+0001      0.000E+0000      0.000E+0000
     3.729E+0001      0.000E+0000      0.000E+0000
     3.734E+0001      0.000E+0000      0.000E+0000
     3.739E+0001      0.000E+0000      0.000E+0000
     3.744E+0001      0.000E+0000      0.000E+0000
     3.749E+0001      0.000E+0000      0.000E+0000
     3.754E+0001      0.000E+0000      0.000E+0000
     3.759E+0001      0.000E+0000      0.000E+0000
     3.764E+0001      0.000E+0000      0.000E+0000
     3.769E+0001      0.000E+0000      0.000E+0000
     3.774E+0001      0.000E+0000      0.000E+0000
     3.779E+0001      0.000E+0000      0.000E+0000
     3.784E+0001      0.000E+0000      0.000E+0000
     3.789E+0001      0.000E+0000      0.000E+0000
     3.794E+0001      0.000E+0000      0.000E+0000
     3.799E+0001      0.000E+0000      0.000E+0000
     3.804E+0001      0.000E+0000      0.000E+0000
     3.809E+0001      0.000E+0000      0.000E+0000
     3.814E+0001      0.000E+0000      0.000E+0000
     3.819E+0001      0.000E+0000      0.000E+0000
     3.824E+0001      0.000E+0000      0.000E+0000
     3.829E+0001      0.000E+0000      0.000E+0000
     3.834E+0001      0.000E+0000      0.000E+0000
     3.839E+0001      0.000E+0000      0.000E+0000
     3.844E+0001      0.000E+0000      0.000E+0000
     3.849E+0001      0.000E+0000      0.000E+0000
     3.854E+0001      0.000E+0000      0.000E+0000
     3.859E+0001      0.000E+0000      0.000E+0000
     3.864E+0001      0.000E+0000      0.000E+0000
     3.869E+0001      0.000E+0000      0.000E+0000
     3.874E+0001      0.000E+0000      0.000E+0000
     3.879E+0001      0.000E+0000      0.000E+0000
     3.884E+0001      0.000E+0000      0.000E+0000
     3.889E+0001      0.000E+0000      0.000E+0000
     3.894E+0001      0.000E+0000      0.000E+0000
     3.899E+0001      0.000E+0000      0.000E+0000
     3.904E+0001      0.000E+0000      0.000E+0000
     3.909E+0001      0.000E+0000      0.000E+0000
     3.914E+0001      0.000E+0000      0.000E+0000
     3.919E+0001      0.000E+0000      0.000E+0000
     3.924E+0001      0.000E+0000      0.000E+0000
     3.929E+0001      0.000E+0000      0.000E+0000
     3.934E+0001      0.000E+0000      0.000E+0000
     3.939E+0001      0.000E+0000      0.000E+0000
     3.944E+0001      0.000E+0000      0.000E+0000
     3.949E+0001      0.000E+0000      0.000E+0000
     3.954E+0001      0.000E+0000      0.000E+0000
     3.959E+0001      0.000E+0000      0.000E+0000
     3.964E+0001      0.000E+0000      0.000E+0000
     3.969E+0001      0.000E+0000      0.000E+0000
     3.974E+0001      0.000E+0000      0.000E+0000
     3.979E+0001      0.000E+0000      0.000E+0000
     3.984E+0001      0.000E+0000      0.000E+0000
     3.989E+0001      0.000E+0000      0.000E+0000
     3.994E+0001      0.000E+0000      0.000E+0000
     3.999E+0001      0.000E+0000      0.000E+0000
     4.004E+0001      0.000E+0000      0.000E+0000
     4.009E+0001      0.000E+0000      0.000E+0000
     4.014E+0001      0.000E+0000      0.000E+0000
     4.019E+0001      0.000E+0000      0.000E+0000
     4.024E+0001      0.000E+0000      0.000E+0000
     4.029E+0001      0.000E+0000      0.000E+0000
     4.034E+0001      0.000E+0000      0.000E+0000
     4.039E+0001      0.000E+0000      0.000E+0000
     4.044E+0001      0.000E+0000      0.000E+0000
     4.049E+0001      0.000E+0000      0.000E+0000
     4.054E+0001      0.000E+0000      0.000E+0000
     4.059E+0001      0.000E+0000      0.000E+0000
     4.064E+0001      0.000E+0000      0.000E+0000
     4.069E+0001      0.000E+0000      0.000E+0000
     4.074E+0001      0.000E+0000      0.000E+0000
     4.079E+0001      0.000E+0000      0.000E+0000
     4.084E+0001      0.000E+0000      0.000E+0000
     4.089E+0001      0.000E+0000      0.000E+0000
     4.094E+0001      0.000E+0000      0.000E+0000
     4.099E+0001      0.000E+0000      0.000E+0000
     4.104E+0001      0.000E+0000      0.000E+0000
     4.109E+0001      0.000E+0000      0.000E+0000
     4.114E+0001      0.000E+0000      0.000E+0000
     4.119E+0001      0.000E+0000      0.000E+0000
     4.124E+0001      0.000E+0000      0.000E+0000
     4.129E+0001      0.000E+0000      0.000E+0000
     4.134E+0001      0.000E+0000      0.000E+0000
     4.139E+0001      0.000E+0000      0.000E+0000
     4.144E+0001      0.000E+0000      0.000E+0000
     4.149E+0001      0.000E+0000      0.000E+0000
     4.154E+0001      0.000E+0000      0.000E+0000
     4.159E+0001      0.000E+0000      0.000E+0000
     4.164E+0001      0.000E+0000      0.000E+0000
     4.169E+0001      0.000E+0000      0.000E+0000
     4.174E+0001      0.000E+0000      0.000E+0000
     4.179E+0001      0.000E+0000      0.000E+0000
     4.184E+0001      0.000E+0000      0.000E+0000
     4.189E+0001      0.000E+0000      0.000E+0000
     4.194E+0001      0.000E+0000      0.000E+0000
     4.199E+0001      0.000E+0000      0.000E+0000
     4.204E+0001      0.000E+0000      0.000E+0000
     4.209E+0001      0.000E+0000      0.000E+0000
     4.214E+0001      0.000E+0000      0.000E+0000
     4.219E+0001      0.000E+0000      0.000E+0000
     4.224E+0001      0.000E+0000      0.000E+0000
     4.229E+0001      0.000E+0000      0.000E+0000
     4.234E+0001      0.000E+0000      0.000E+0000
     4.239E+0001      0.000E+0000      0.000E+0000
     4.244E+0001      0.000E+0000      0.000E+0000
     4.249E+0001      0.000E+0000      0.000E+0000
     4.254E+0001      0.000E+0000      0.000E+0000
     4.259E+0001      0.000E+0000      0.000E+0000
     4.264E+0001      0.000E+0000      0.000E+0000
     4.269E+0001      0.000E+0000      0.000E+0000
     4.274E+0001      0.000E+0000      0.000E+0000
     4.279E+0001      0.000E+0000      0.000E+0000
     4.284E+0001      0.000E+0000      0.000E+0000
     4.289E+0001      0.000E+0000      0.000E+0000
     4.294E+0001      0.000E+0000      0.000E+0000
     4.299E+0001      0.000E+0000      0.000E+0000
     4.304E+0001      0.000E+0000      0.000E+0000
     4.309E+0001      0.000E+0000      0.000E+0000
     4.314E+0001      0.000E+0000      0.000E+0000
     4.319E+0001      0.000E+0000      0.000E+0000
     4.324E+0001      0.000E+0000      0.000E+0000
     4.329E+0001      0.000E+0000      0.000E+0000
     4.334E+0001      0.000E+0000      0.000E+0000
     4.339E+0001      0.000E+0000      0.000E+0000
     4.344E+0001      0.000E+0000      0.000E+0000
     4.349E+0001      0.000E+0000      0.000E+0000
     4.354E+0001      0.000E+0000      0.000E+0000
     4.359E+0001      0.000E+0000      0.000E+0000
     4.364E+0001      0.000E+0000      0.000E+0000
     4.369E+0001      0.000E+0000      0.000E+0000
     4.374E+0001      0.000E+0000      0.000E+0000
     4.379E+0001      0.000E+0000      0.000E+0000
     4.384E+0001      0.000E+0000      0.000E+0000
     4.389E+0001      0.000E+0000      0.000E+0000
     4.394E+0001      0.000E+0000      0.000E+0000
     4.399E+0001      0.000E+0000      0.000E+0000
     4.404E+0001      0.000E+0000      0.000E+0000
     4.409E+0001      0.000E+0000      0.000E+0000
     4.414E+0001      0.000E+0000      0.000E+0000
     4.419E+0001      0.000E+0000      0.000E+0000
     4.424E+0001      0.000E+0000      0.000E+0000
     4.429E+0001      0.000E+0000      0.000E+0000
     4.434E+0001      0.000E+0000      0.000E+0000
     4.439E+0001      0.000E+0000      0.000E+0000
     4.444E+0001      0.000E+0000      0.000E+0000
     4.449E+0001      0.000E+0000      0.000E+0000
     4.454E+0001      0.000E+0000      0.000E+0000
     4.459E+0001      0.000E+0000      0.000E+0000
     4.464E+0001      0.000E+0000      0.000E+0000
     4.469E+0001      0.000E+0000      0.000E+0000
     4.474E+0001      0.000E+0000      0.000E+0000
     4.479E+0001      0.000E+0000      0.000E+0000
     4.484E+0001      0.000E+0000      0.000E+0000
     4.489E+0001      0.000E+0000      0.000E+0000
     4.494E+0001      0.000E+0000      0.000E+0000
     4.499E+0001      0.000E+0000      0.000E+0000
     4.505E+0001      0.000E+0000      0.000E+0000
     4.510E+0001      0.000E+0000      0.000E+0000
     4.515E+0001      0.000E+0000      0.000E+0000
     4.520E+0001      0.000E+0000      0.000E+0000
     4.525E+0001      0.000E+0000      0.000E+0000
     4.530E+0001      0.000E+0000      0.000E+0000
     4.535E+0001      0.000E+0000      0.000E+0000
     4.540E+0001      0.000E+0000      0.000E+0000
     4.545E+0001      0.000E+0000      0.000E+0000
     4.550E+0001      0.000E+0000      0.000E+0000
     4.555E+0001      0.000E+0000      0.000E+0000
     4.560E+0001      0.000E+0000      0.000E+0000
     4.565E+0001      0.000E+0000      0.000E+0000
     4.570E+0001      0.000E+0000      0.000E+0000
     4.575E+0001      0.000E+0000      0.000E+0000
     4.580E+0001      0.000E+0000      0.000E+0000
     4.585E+0001      0.000E+0000      0.000E+0000
     4.590E+0001      0.000E+0000      0.000E+0000
     4.595E+0001      0.000E+0000      0.000E+0000
     4.600E+0001      0.000E+0000      0.000E+0000
     4.605E+0001      0.000E+0000      0.000E+0000
     4.610E+0001      0.000E+0000      0.000E+0000
     4.615E+0001      0.000E+0000      0.000E+0000
     4.620E+0001      0.000E+0000      0.000E+0000
     4.625E+0001      0.000E+0000      0.000E+0000
     4.630E+0001      0.000E+0000      0.000E+0000
     4.635E+0001      0.000E+0000      0.000E+0000
     4.640E+0001      0.000E+0000      0.000E+0000
     4.645E+0001      0.000E+0000      0.000E+0000
     4.650E+0001      0.000E+0000      0.000E+0000
     4.655E+0001      0.000E+0000      0.000E+0000
     4.660E+0001      0.000E+0000      0.000E+0000
     4.665E+0001      0.000E+0000      0.000E+0000
     4.670E+0001      0.000E+0000      0.000E+0000
     4.675E+0001      0.000E+0000      0.000E+0000
     4.680E+0001      0.000E+0000      0.000E+0000
     4.685E+0001      0.000E+0000      0.000E+0000
     4.690E+0001      0.000E+0000      0.000E+0000
     4.695E+0001      0.000E+0000      0.000E+0000
     4.700E+0001      0.000E+0000      0.000E+0000
     4.705E+0001      0.000E+0000      0.000E+0000
     4.710E+0001      0.000E+0000      0.000E+0000
     4.715E+0001      0.000E+0000      0.000E+0000
     4.720E+0001      0.000E+0000      0.000E+0000
     4.725E+0001      0.000E+0000      0.000E+0000
     4.730E+0001      0.000E+0000      0.000E+0000
     4.735E+0001      0.000E+0000      0.000E+0000
     4.740E+0001      0.000E+0000      0.000E+0000
     4.745E+0001      0.000E+0000      0.000E+0000
     4.750E+0001      0.000E+0000      0.000E+0000
     4.755E+0001      0.000E+0000      0.000E+0000
     4.760E+0001      0.000E+0000      0.000E+0000
     4.765E+0001      0.000E+0000      0.000E+0000
     4.770E+0001      0.000E+0000      0.000E+0000
     4.775E+0001      0.000E+0000      0.000E+0000
     4.780E+0001      0.000E+0000      0.000E+0000
     4.785E+0001      0.000E+0000      0.000E+0000
     4.790E+0001      0.000E+0000      0.000E+0000
     4.795E+0001      0.000E+0000      0.000E+0000
     4.800E+0001      0.000E+0000      0.000E+0000
     4.805E+0001      0.000E+0000      0.000E+0000
     4.810E+0001      0.000E+0000      0.000E+0000
     4.815E+0001      0.000E+0000      0.000E+0000
     4.820E+0001      0.000E+0000      0.000E+0000
     4.825E+0001      0.000E+0000      0.000E+0000
     4.830E+0001      0.000E+0000      0.000E+0000
     4.835E+0001      0.000E+0000      0.000E+0000
     4.840E+0001      0.000E+0000      0.000E+0000
     4.845E+0001      0.000E+0000      0.000E+0000
     4.850E+0001      0.000E+0000      0.000E+0000
     4.855E+0001      0.000E+0000      0.000E+0000
     4.860E+0001      0.000E+0000      0.000E+0000
     4.865E+0001      0.000E+0000      0.000E+0000
     4.870E+0001      0.000E+0000      0.000E+0000
     4.875E+0001      0.000E+0000      0.000E+0000
     4.880E+0001      0.000E+0000      0.000E+0000
     4.885E+0001      0.000E+0000      0.000E+0000
     4.890E+0001      0.000E+0000      0.000E+0000
     4.895E+0001      0.000E+0000      0.000E+0000
     4.900E+0001      0.000E+0000      0.000E+0000
     4.905E+0001      0.000E+0000      0.000E+0000
     4.910E+0001      0.000E+0000      0.000E+0000
     4.915E+0001      0.000E+0000      0.000E+0000
     4.920E+0001      0.000E+0000      0.000E+0000
     4.925E+0001      0.000E+0000      0.000E+0000
     4.930E+0001      0.000E+0000      0.000E+0000
     4.935E+0001      0.000E+0000      0.000E+0000
     4.940E+0001      0.000E+0000      0.000E+0000
     4.945E+0001      0.000E+0000      0.000E+0000
     4.950E+0001      0.000E+0000      0.000E+0000
     4.955E+0001      0.000E+0000      0.000E+0000
     4.960E+0001      0.000E+0000      0.000E+0000
     4.965E+0001      0.000E+0000      0.000E+0000
     4.970E+0001      0.000E+0000      0.000E+0000
     4.975E+0001      0.000E+0000      0.000E+0000
     4.980E+0001      0.000E+0000      0.000E+0000
     4.985E+0001      0.000E+0000      0.000E+0000
     4.990E+0001      0.000E+0000      0.000E+0000
     4.995E+0001      0.000E+0000      0.000E+0000
