    -2.503E-0002      1.638E-0028      3.322E-0009      8.306E-0009
     2.503E-0002      1.638E-0028      3.322E-0009      8.306E-0009
     7.508E-0002      1.645E-0028      3.325E-0009      8.311E-0009
     1.251E-0001      1.740E-0028      3.324E-0009      8.310E-0009
     1.752E-0001      1.881E-0028      3.324E-0009      8.310E-0009
     2.252E-0001      2.060E-0028      3.324E-0009      8.311E-0009
     2.753E-0001      2.274E-0028      3.324E-0009      8.310E-0009
     3.253E-0001      2.523E-0028      3.324E-0009      8.310E-0009
     3.754E-0001      2.809E-0028      3.324E-0009      8.310E-0009
     4.254E-0001      3.133E-0028      3.324E-0009      8.310E-0009
     4.755E-0001      3.497E-0028      3.324E-0009      8.310E-0009
     5.255E-0001      3.904E-0028      3.324E-0009      8.310E-0009
     5.756E-0001      4.358E-0028      3.324E-0009      8.310E-0009
     6.256E-0001      4.861E-0028      3.324E-0009      8.310E-0009
     6.757E-0001      5.419E-0028      3.324E-0009      8.310E-0009
     7.257E-0001      6.034E-0028      3.324E-0009      8.310E-0009
     7.758E-0001      6.713E-0028      3.324E-0009      8.310E-0009
     8.258E-0001      7.460E-0028      3.324E-0009      8.310E-0009
     8.759E-0001      8.281E-0028      3.324E-0009      8.310E-0009
     9.259E-0001      9.183E-0028      3.324E-0009      8.311E-0009
     9.760E-0001      1.017E-0027      3.324E-0009      8.311E-0009
     1.026E+0000      1.126E-0027      3.324E-0009      8.311E-0009
     1.076E+0000      1.244E-0027      3.324E-0009      8.311E-0009
     1.126E+0000      1.374E-0027      3.324E-0009      8.311E-0009
     1.176E+0000      1.516E-0027      3.324E-0009      8.311E-0009
     1.226E+0000      1.671E-0027      3.324E-0009      8.311E-0009
     1.276E+0000      1.840E-0027      3.324E-0009      8.311E-0009
     1.326E+0000      2.025E-0027      3.324E-0009      8.311E-0009
     1.376E+0000      2.226E-0027      3.324E-0009      8.311E-0009
     1.426E+0000      2.446E-0027      3.324E-0009      8.311E-0009
     1.476E+0000      2.685E-0027      3.324E-0009      8.311E-0009
     1.527E+0000      2.945E-0027      3.325E-0009      8.311E-0009
     1.577E+0000      3.228E-0027      3.325E-0009      8.311E-0009
     1.627E+0000      3.537E-0027      3.325E-0009      8.312E-0009
     1.677E+0000      3.872E-0027      3.325E-0009      8.312E-0009
     1.727E+0000      4.236E-0027      3.325E-0009      8.312E-0009
     1.777E+0000      4.632E-0027      3.325E-0009      8.312E-0009
     1.827E+0000      5.062E-0027      3.325E-0009      8.312E-0009
     1.877E+0000      5.529E-0027      3.325E-0009      8.313E-0009
     1.927E+0000      6.036E-0027      3.325E-0009      8.313E-0009
     1.977E+0000      6.586E-0027      3.325E-0009      8.313E-0009
     2.027E+0000      7.183E-0027      3.325E-0009      8.314E-0009
     2.077E+0000      7.831E-0027      3.326E-0009      8.314E-0009
     2.127E+0000      8.533E-0027      3.326E-0009      8.315E-0009
     2.177E+0000      9.295E-0027      3.326E-0009      8.315E-0009
     2.227E+0000      1.012E-0026      3.326E-0009      8.316E-0009
     2.277E+0000      1.101E-0026      3.327E-0009      8.316E-0009
     2.327E+0000      1.198E-0026      3.327E-0009      8.317E-0009
     2.377E+0000      1.303E-0026      3.327E-0009      8.318E-0009
     2.427E+0000      1.417E-0026      3.328E-0009      8.319E-0009
     2.477E+0000      1.540E-0026      3.328E-0009      8.320E-0009
     2.528E+0000      1.673E-0026      3.328E-0009      8.321E-0009
     2.578E+0000      1.818E-0026      3.329E-0009      8.322E-0009
     2.628E+0000      1.974E-0026      3.329E-0009      8.324E-0009
     2.678E+0000      2.143E-0026      3.330E-0009      8.325E-0009
     2.728E+0000      2.325E-0026      3.331E-0009      8.327E-0009
     2.778E+0000      2.523E-0026      3.331E-0009      8.329E-0009
     2.828E+0000      2.737E-0026      3.332E-0009      8.331E-0009
     2.878E+0000      2.968E-0026      3.333E-0009      8.333E-0009
     2.928E+0000      3.217E-0026      3.334E-0009      8.336E-0009
     2.978E+0000      3.488E-0026      3.335E-0009      8.338E-0009
     3.028E+0000      3.779E-0026      3.337E-0009      8.341E-0009
     3.078E+0000      4.095E-0026      3.338E-0009      8.345E-0009
     3.128E+0000      4.436E-0026      3.339E-0009      8.348E-0009
     3.178E+0000      4.804E-0026      3.341E-0009      8.352E-0009
     3.228E+0000      5.202E-0026      3.343E-0009      8.357E-0009
     3.278E+0000      5.631E-0026      3.345E-0009      8.362E-0009
     3.328E+0000      6.095E-0026      3.347E-0009      8.367E-0009
     3.378E+0000      6.597E-0026      3.349E-0009      8.373E-0009
     3.428E+0000      7.138E-0026      3.352E-0009      8.380E-0009
     3.478E+0000      7.722E-0026      3.355E-0009      8.387E-0009
     3.529E+0000      8.353E-0026      3.358E-0009      8.395E-0009
     3.579E+0000      9.035E-0026      3.361E-0009      8.403E-0009
     3.629E+0000      9.770E-0026      3.365E-0009      8.413E-0009
     3.679E+0000      1.056E-0025      3.369E-0009      8.423E-0009
     3.729E+0000      1.142E-0025      3.374E-0009      8.435E-0009
     3.779E+0000      1.235E-0025      3.379E-0009      8.447E-0009
     3.829E+0000      1.335E-0025      3.384E-0009      8.461E-0009
     3.879E+0000      1.443E-0025      3.390E-0009      8.476E-0009
     3.929E+0000      1.559E-0025      3.397E-0009      8.492E-0009
     3.979E+0000      1.685E-0025      3.404E-0009      8.510E-0009
     4.029E+0000      1.821E-0025      3.412E-0009      8.530E-0009
     4.079E+0000      1.968E-0025      3.421E-0009      8.552E-0009
     4.129E+0000      2.127E-0025      3.430E-0009      8.575E-0009
     4.179E+0000      2.299E-0025      3.441E-0009      8.601E-0009
     4.229E+0000      2.485E-0025      3.452E-0009      8.630E-0009
     4.279E+0000      2.686E-0025      3.464E-0009      8.661E-0009
     4.329E+0000      2.903E-0025      3.478E-0009      8.695E-0009
     4.379E+0000      3.139E-0025      3.493E-0009      8.733E-0009
     4.429E+0000      3.394E-0025      3.510E-0009      8.774E-0009
     4.479E+0000      3.671E-0025      3.528E-0009      8.819E-0009
     4.530E+0000      3.971E-0025      3.548E-0009      8.869E-0009
     4.580E+0000      4.297E-0025      3.569E-0009      8.923E-0009
     4.630E+0000      4.651E-0025      3.593E-0009      8.983E-0009
     4.680E+0000      5.037E-0025      3.620E-0009      9.049E-0009
     4.730E+0000      5.456E-0025      3.648E-0009      9.121E-0009
     4.780E+0000      5.914E-0025      3.680E-0009      9.201E-0009
     4.830E+0000      6.413E-0025      3.715E-0009      9.288E-0009
     4.880E+0000      6.959E-0025      3.754E-0009      9.385E-0009
     4.930E+0000      7.556E-0025      3.796E-0009      9.491E-0009
     4.980E+0000      8.212E-0025      3.843E-0009      9.608E-0009
     5.030E+0000      8.932E-0025      3.895E-0009      9.738E-0009
     5.080E+0000      9.725E-0025      3.953E-0009      9.882E-0009
     5.130E+0000      1.060E-0024      4.017E-0009      1.004E-0008
     5.180E+0000      1.157E-0024      4.088E-0009      1.022E-0008
     5.230E+0000      1.264E-0024      4.167E-0009      1.042E-0008
     5.280E+0000      1.384E-0024      4.255E-0009      1.064E-0008
     5.330E+0000      1.517E-0024      4.353E-0009      1.088E-0008
     5.380E+0000      1.666E-0024      4.463E-0009      1.116E-0008
     5.430E+0000      1.834E-0024      4.587E-0009      1.147E-0008
     5.480E+0000      2.023E-0024      4.726E-0009      1.182E-0008
     5.531E+0000      2.238E-0024      4.884E-0009      1.221E-0008
     5.581E+0000      2.482E-0024      5.062E-0009      1.266E-0008
     5.631E+0000      2.762E-0024      5.265E-0009      1.316E-0008
     5.681E+0000      3.084E-0024      5.497E-0009      1.374E-0008
     5.731E+0000      3.456E-0024      5.763E-0009      1.441E-0008
     5.781E+0000      3.890E-0024      6.070E-0009      1.517E-0008
     5.831E+0000      4.397E-0024      6.422E-0009      1.606E-0008
     5.881E+0000      4.992E-0024      6.825E-0009      1.706E-0008
     5.931E+0000      5.685E-0024      7.270E-0009      1.818E-0008
     5.981E+0000      6.463E-0024      7.709E-0009      1.927E-0008
     6.031E+0000      7.242E-0024      7.988E-0009      1.997E-0008
     6.081E+0000      7.797E-0024      7.792E-0009      1.948E-0008
     6.131E+0000      7.736E-0024      6.710E-0009      1.678E-0008
     6.181E+0000      6.697E-0024      4.608E-0009      1.152E-0008
     6.231E+0000      4.838E-0024      2.133E-0009      5.333E-0009
     6.281E+0000      3.078E-0024      4.850E-0010      1.213E-0009
     6.331E+0000      2.196E-0024      2.510E-0011      6.274E-0011
     6.381E+0000      2.009E-0024      5.538E-0014      1.385E-0013
     6.431E+0000      2.000E-0024      3.111E-0019      7.777E-0019
     6.481E+0000      2.000E-0024      1.247E-0029      3.117E-0029
     6.532E+0000      2.000E-0024      2.372E-0050      5.929E-0050
     6.582E+0000      2.000E-0024      8.978E-0092      2.245E-0091
     6.632E+0000      2.000E-0024      1.038E-0174      2.596E-0174
     6.682E+0000      2.000E-0024      0.000E+0000      0.000E+0000
     6.732E+0000      2.000E-0024      0.000E+0000      0.000E+0000
     6.782E+0000      2.000E-0024      0.000E+0000      0.000E+0000
     6.832E+0000      2.000E-0024      0.000E+0000      0.000E+0000
     6.882E+0000      2.000E-0024      0.000E+0000      0.000E+0000
     6.932E+0000      2.000E-0024      0.000E+0000      0.000E+0000
     6.982E+0000      2.000E-0024      0.000E+0000      0.000E+0000
     7.032E+0000      2.000E-0024      0.000E+0000      0.000E+0000
     7.082E+0000      2.000E-0024      0.000E+0000      0.000E+0000
     7.132E+0000      2.000E-0024      0.000E+0000      0.000E+0000
     7.182E+0000      2.000E-0024      0.000E+0000      0.000E+0000
     7.232E+0000      2.000E-0024      0.000E+0000      0.000E+0000
     7.282E+0000      2.000E-0024      0.000E+0000      0.000E+0000
     7.332E+0000      2.000E-0024      0.000E+0000      0.000E+0000
     7.382E+0000      2.000E-0024      0.000E+0000      0.000E+0000
     7.432E+0000      2.000E-0024      0.000E+0000      0.000E+0000
     7.482E+0000      2.000E-0024      0.000E+0000      0.000E+0000
     7.533E+0000      2.000E-0024      0.000E+0000      0.000E+0000
     7.583E+0000      2.000E-0024      0.000E+0000      0.000E+0000
     7.633E+0000      2.000E-0024      0.000E+0000      0.000E+0000
     7.683E+0000      2.000E-0024      0.000E+0000      0.000E+0000
     7.733E+0000      2.000E-0024      0.000E+0000      0.000E+0000
     7.783E+0000      2.000E-0024      0.000E+0000      0.000E+0000
     7.833E+0000      2.000E-0024      0.000E+0000      0.000E+0000
     7.883E+0000      2.000E-0024      0.000E+0000      0.000E+0000
     7.933E+0000      2.000E-0024      0.000E+0000      0.000E+0000
     7.983E+0000      2.000E-0024      0.000E+0000      0.000E+0000
     8.033E+0000      2.000E-0024      0.000E+0000      0.000E+0000
     8.083E+0000      2.000E-0024      0.000E+0000      0.000E+0000
     8.133E+0000      2.000E-0024      0.000E+0000      0.000E+0000
     8.183E+0000      2.000E-0024      0.000E+0000      0.000E+0000
     8.233E+0000      2.000E-0024      0.000E+0000      0.000E+0000
     8.283E+0000      2.000E-0024      0.000E+0000      0.000E+0000
     8.333E+0000      2.000E-0024      0.000E+0000      0.000E+0000
     8.383E+0000      2.000E-0024      0.000E+0000      0.000E+0000
     8.433E+0000      2.000E-0024      0.000E+0000      0.000E+0000
     8.483E+0000      2.000E-0024      0.000E+0000      0.000E+0000
     8.534E+0000      2.000E-0024      0.000E+0000      0.000E+0000
     8.584E+0000      2.000E-0024      0.000E+0000      0.000E+0000
     8.634E+0000      2.000E-0024      0.000E+0000      0.000E+0000
     8.684E+0000      2.000E-0024      0.000E+0000      0.000E+0000
     8.734E+0000      2.000E-0024      0.000E+0000      0.000E+0000
     8.784E+0000      2.000E-0024      0.000E+0000      0.000E+0000
     8.834E+0000      2.000E-0024      0.000E+0000      0.000E+0000
     8.884E+0000      2.000E-0024      0.000E+0000      0.000E+0000
     8.934E+0000      2.000E-0024      0.000E+0000      0.000E+0000
     8.984E+0000      2.000E-0024      0.000E+0000      0.000E+0000
     9.034E+0000      2.000E-0024      0.000E+0000      0.000E+0000
     9.084E+0000      2.000E-0024      0.000E+0000      0.000E+0000
     9.134E+0000      2.000E-0024      0.000E+0000      0.000E+0000
     9.184E+0000      2.000E-0024      0.000E+0000      0.000E+0000
     9.234E+0000      2.000E-0024      0.000E+0000      0.000E+0000
     9.284E+0000      2.000E-0024      0.000E+0000      0.000E+0000
     9.334E+0000      2.000E-0024      0.000E+0000      0.000E+0000
     9.384E+0000      2.000E-0024      0.000E+0000      0.000E+0000
     9.434E+0000      2.000E-0024      0.000E+0000      0.000E+0000
     9.484E+0000      2.000E-0024      0.000E+0000      0.000E+0000
     9.535E+0000      2.000E-0024      0.000E+0000      0.000E+0000
     9.585E+0000      2.000E-0024      0.000E+0000      0.000E+0000
     9.635E+0000      2.000E-0024      0.000E+0000      0.000E+0000
     9.685E+0000      2.000E-0024      0.000E+0000      0.000E+0000
     9.735E+0000      2.000E-0024      0.000E+0000      0.000E+0000
     9.785E+0000      2.000E-0024      0.000E+0000      0.000E+0000
     9.835E+0000      2.000E-0024      0.000E+0000      0.000E+0000
     9.885E+0000      2.000E-0024      0.000E+0000      0.000E+0000
     9.935E+0000      2.000E-0024      0.000E+0000      0.000E+0000
     9.985E+0000      2.000E-0024      0.000E+0000      0.000E+0000
     1.004E+0001      2.000E-0024      0.000E+0000      0.000E+0000
     1.009E+0001      2.000E-0024      0.000E+0000      0.000E+0000
     1.014E+0001      2.000E-0024      0.000E+0000      0.000E+0000
     1.019E+0001      2.000E-0024      0.000E+0000      0.000E+0000
     1.024E+0001      2.000E-0024      0.000E+0000      0.000E+0000
     1.029E+0001      2.000E-0024      0.000E+0000      0.000E+0000
     1.034E+0001      2.000E-0024      0.000E+0000      0.000E+0000
     1.039E+0001      2.000E-0024      0.000E+0000      0.000E+0000
     1.044E+0001      2.000E-0024      0.000E+0000      0.000E+0000
     1.049E+0001      2.000E-0024      0.000E+0000      0.000E+0000
     1.054E+0001      2.000E-0024      0.000E+0000      0.000E+0000
     1.059E+0001      2.000E-0024      0.000E+0000      0.000E+0000
     1.064E+0001      2.000E-0024      0.000E+0000      0.000E+0000
     1.069E+0001      2.000E-0024      0.000E+0000      0.000E+0000
     1.074E+0001      2.000E-0024      0.000E+0000      0.000E+0000
     1.079E+0001      2.000E-0024      0.000E+0000      0.000E+0000
     1.084E+0001      2.000E-0024      0.000E+0000      0.000E+0000
     1.089E+0001      2.000E-0024      0.000E+0000      0.000E+0000
     1.094E+0001      2.000E-0024      0.000E+0000      0.000E+0000
     1.099E+0001      2.000E-0024      0.000E+0000      0.000E+0000
     1.104E+0001      2.000E-0024      0.000E+0000      0.000E+0000
     1.109E+0001      2.000E-0024      0.000E+0000      0.000E+0000
     1.114E+0001      2.000E-0024      0.000E+0000      0.000E+0000
     1.119E+0001      2.000E-0024      0.000E+0000      0.000E+0000
     1.124E+0001      2.000E-0024      0.000E+0000      0.000E+0000
     1.129E+0001      2.000E-0024      0.000E+0000      0.000E+0000
     1.134E+0001      2.000E-0024      0.000E+0000      0.000E+0000
     1.139E+0001      2.000E-0024      0.000E+0000      0.000E+0000
     1.144E+0001      2.000E-0024      0.000E+0000      0.000E+0000
     1.149E+0001      2.000E-0024      0.000E+0000      0.000E+0000
     1.154E+0001      2.000E-0024      0.000E+0000      0.000E+0000
     1.159E+0001      2.000E-0024      0.000E+0000      0.000E+0000
     1.164E+0001      2.000E-0024      0.000E+0000      0.000E+0000
     1.169E+0001      2.000E-0024      0.000E+0000      0.000E+0000
     1.174E+0001      2.000E-0024      0.000E+0000      0.000E+0000
     1.179E+0001      2.000E-0024      0.000E+0000      0.000E+0000
     1.184E+0001      2.000E-0024      0.000E+0000      0.000E+0000
     1.189E+0001      2.000E-0024      0.000E+0000      0.000E+0000
     1.194E+0001      2.000E-0024      0.000E+0000      0.000E+0000
     1.199E+0001      2.000E-0024      0.000E+0000      0.000E+0000
     1.204E+0001      2.000E-0024      0.000E+0000      0.000E+0000
     1.209E+0001      2.000E-0024      0.000E+0000      0.000E+0000
     1.214E+0001      2.000E-0024      0.000E+0000      0.000E+0000
     1.219E+0001      2.000E-0024      0.000E+0000      0.000E+0000
     1.224E+0001      2.000E-0024      0.000E+0000      0.000E+0000
     1.229E+0001      2.000E-0024      0.000E+0000      0.000E+0000
     1.234E+0001      2.000E-0024      0.000E+0000      0.000E+0000
     1.239E+0001      2.000E-0024      0.000E+0000      0.000E+0000
     1.244E+0001      2.000E-0024      0.000E+0000      0.000E+0000
     1.249E+0001      2.000E-0024      0.000E+0000      0.000E+0000
     1.254E+0001      2.000E-0024      0.000E+0000      0.000E+0000
     1.259E+0001      2.000E-0024      0.000E+0000      0.000E+0000
     1.264E+0001      2.000E-0024      0.000E+0000      0.000E+0000
     1.269E+0001      2.000E-0024      0.000E+0000      0.000E+0000
     1.274E+0001      2.000E-0024      0.000E+0000      0.000E+0000
     1.279E+0001      2.000E-0024      0.000E+0000      0.000E+0000
     1.284E+0001      2.000E-0024      0.000E+0000      0.000E+0000
     1.289E+0001      2.000E-0024      0.000E+0000      0.000E+0000
     1.294E+0001      2.000E-0024      0.000E+0000      0.000E+0000
     1.299E+0001      2.000E-0024      0.000E+0000      0.000E+0000
     1.304E+0001      2.000E-0024      0.000E+0000      0.000E+0000
     1.309E+0001      2.000E-0024      0.000E+0000      0.000E+0000
     1.314E+0001      2.000E-0024      0.000E+0000      0.000E+0000
     1.319E+0001      2.000E-0024      0.000E+0000      0.000E+0000
     1.324E+0001      2.000E-0024      0.000E+0000      0.000E+0000
     1.329E+0001      2.000E-0024      0.000E+0000      0.000E+0000
     1.334E+0001      2.000E-0024      0.000E+0000      0.000E+0000
     1.339E+0001      2.000E-0024      0.000E+0000      0.000E+0000
     1.344E+0001      2.000E-0024      0.000E+0000      0.000E+0000
     1.349E+0001      2.000E-0024      0.000E+0000      0.000E+0000
     1.354E+0001      2.000E-0024      0.000E+0000      0.000E+0000
     1.359E+0001      2.000E-0024      0.000E+0000      0.000E+0000
     1.364E+0001      2.000E-0024      0.000E+0000      0.000E+0000
     1.369E+0001      2.000E-0024      0.000E+0000      0.000E+0000
     1.374E+0001      2.000E-0024      0.000E+0000      0.000E+0000
     1.379E+0001      2.000E-0024      0.000E+0000      0.000E+0000
     1.384E+0001      2.000E-0024      0.000E+0000      0.000E+0000
     1.389E+0001      2.000E-0024      0.000E+0000      0.000E+0000
     1.394E+0001      2.000E-0024      0.000E+0000      0.000E+0000
     1.399E+0001      2.000E-0024      0.000E+0000      0.000E+0000
     1.404E+0001      2.000E-0024      0.000E+0000      0.000E+0000
     1.409E+0001      2.000E-0024      0.000E+0000      0.000E+0000
     1.414E+0001      2.000E-0024      0.000E+0000      0.000E+0000
     1.419E+0001      2.000E-0024      0.000E+0000      0.000E+0000
     1.424E+0001      2.000E-0024      0.000E+0000      0.000E+0000
     1.429E+0001      2.000E-0024      0.000E+0000      0.000E+0000
     1.434E+0001      2.000E-0024      0.000E+0000      0.000E+0000
     1.439E+0001      2.000E-0024      0.000E+0000      0.000E+0000
     1.444E+0001      2.000E-0024      0.000E+0000      0.000E+0000
     1.449E+0001      2.000E-0024      0.000E+0000      0.000E+0000
     1.454E+0001      2.000E-0024      0.000E+0000      0.000E+0000
     1.459E+0001      2.000E-0024      0.000E+0000      0.000E+0000
     1.464E+0001      2.000E-0024      0.000E+0000      0.000E+0000
     1.469E+0001      2.000E-0024      0.000E+0000      0.000E+0000
     1.474E+0001      2.000E-0024      0.000E+0000      0.000E+0000
     1.479E+0001      2.000E-0024      0.000E+0000      0.000E+0000
     1.484E+0001      2.000E-0024      0.000E+0000      0.000E+0000
     1.489E+0001      2.000E-0024      0.000E+0000      0.000E+0000
     1.494E+0001      2.000E-0024      0.000E+0000      0.000E+0000
     1.499E+0001      2.000E-0024      0.000E+0000      0.000E+0000
     1.504E+0001      2.000E-0024      0.000E+0000      0.000E+0000
     1.509E+0001      2.000E-0024      0.000E+0000      0.000E+0000
     1.514E+0001      2.000E-0024      0.000E+0000      0.000E+0000
     1.519E+0001      2.000E-0024      0.000E+0000      0.000E+0000
     1.524E+0001      2.000E-0024      0.000E+0000      0.000E+0000
     1.529E+0001      2.000E-0024      0.000E+0000      0.000E+0000
     1.534E+0001      2.000E-0024      0.000E+0000      0.000E+0000
     1.539E+0001      2.000E-0024      0.000E+0000      0.000E+0000
     1.544E+0001      2.000E-0024      0.000E+0000      0.000E+0000
     1.549E+0001      2.000E-0024      0.000E+0000      0.000E+0000
     1.554E+0001      2.000E-0024      0.000E+0000      0.000E+0000
     1.559E+0001      2.000E-0024      0.000E+0000      0.000E+0000
     1.564E+0001      2.000E-0024      0.000E+0000      0.000E+0000
     1.569E+0001      2.000E-0024      0.000E+0000      0.000E+0000
     1.574E+0001      2.000E-0024      0.000E+0000      0.000E+0000
     1.579E+0001      2.000E-0024      0.000E+0000      0.000E+0000
     1.584E+0001      2.000E-0024      0.000E+0000      0.000E+0000
     1.589E+0001      2.000E-0024      0.000E+0000      0.000E+0000
     1.594E+0001      2.000E-0024      0.000E+0000      0.000E+0000
     1.599E+0001      2.000E-0024      0.000E+0000      0.000E+0000
     1.604E+0001      2.000E-0024      0.000E+0000      0.000E+0000
     1.609E+0001      2.000E-0024      0.000E+0000      0.000E+0000
     1.614E+0001      2.000E-0024      0.000E+0000      0.000E+0000
     1.619E+0001      2.000E-0024      0.000E+0000      0.000E+0000
     1.624E+0001      2.000E-0024      0.000E+0000      0.000E+0000
     1.629E+0001      2.000E-0024      0.000E+0000      0.000E+0000
     1.634E+0001      2.000E-0024      0.000E+0000      0.000E+0000
     1.639E+0001      2.000E-0024      0.000E+0000      0.000E+0000
     1.644E+0001      2.000E-0024      0.000E+0000      0.000E+0000
     1.649E+0001      2.000E-0024      0.000E+0000      0.000E+0000
     1.654E+0001      2.000E-0024      0.000E+0000      0.000E+0000
     1.659E+0001      2.000E-0024      0.000E+0000      0.000E+0000
     1.664E+0001      2.000E-0024      0.000E+0000      0.000E+0000
     1.669E+0001      2.000E-0024      0.000E+0000      0.000E+0000
     1.674E+0001      2.000E-0024      0.000E+0000      0.000E+0000
     1.679E+0001      2.000E-0024      0.000E+0000      0.000E+0000
     1.684E+0001      2.000E-0024      0.000E+0000      0.000E+0000
     1.689E+0001      2.000E-0024      0.000E+0000      0.000E+0000
     1.694E+0001      2.000E-0024      0.000E+0000      0.000E+0000
     1.699E+0001      2.000E-0024      0.000E+0000      0.000E+0000
     1.704E+0001      2.000E-0024      0.000E+0000      0.000E+0000
     1.709E+0001      2.000E-0024      0.000E+0000      0.000E+0000
     1.714E+0001      2.000E-0024      0.000E+0000      0.000E+0000
     1.719E+0001      2.000E-0024      0.000E+0000      0.000E+0000
     1.724E+0001      2.000E-0024      0.000E+0000      0.000E+0000
     1.729E+0001      2.000E-0024      0.000E+0000      0.000E+0000
     1.734E+0001      2.000E-0024      0.000E+0000      0.000E+0000
     1.739E+0001      2.000E-0024      0.000E+0000      0.000E+0000
     1.744E+0001      2.000E-0024      0.000E+0000      0.000E+0000
     1.749E+0001      2.000E-0024      0.000E+0000      0.000E+0000
     1.754E+0001      2.000E-0024      0.000E+0000      0.000E+0000
     1.759E+0001      2.000E-0024      0.000E+0000      0.000E+0000
     1.764E+0001      2.000E-0024      0.000E+0000      0.000E+0000
     1.769E+0001      2.000E-0024      0.000E+0000      0.000E+0000
     1.774E+0001      2.000E-0024      0.000E+0000      0.000E+0000
     1.779E+0001      2.000E-0024      0.000E+0000      0.000E+0000
     1.784E+0001      2.000E-0024      0.000E+0000      0.000E+0000
     1.789E+0001      2.000E-0024      0.000E+0000      0.000E+0000
     1.794E+0001      2.000E-0024      0.000E+0000      0.000E+0000
     1.799E+0001      2.000E-0024      0.000E+0000      0.000E+0000
     1.804E+0001      2.000E-0024      0.000E+0000      0.000E+0000
     1.809E+0001      2.000E-0024      0.000E+0000      0.000E+0000
     1.814E+0001      2.000E-0024      0.000E+0000      0.000E+0000
     1.819E+0001      2.000E-0024      0.000E+0000      0.000E+0000
     1.824E+0001      2.000E-0024      0.000E+0000      0.000E+0000
     1.829E+0001      2.000E-0024      0.000E+0000      0.000E+0000
     1.834E+0001      2.000E-0024      0.000E+0000      0.000E+0000
     1.839E+0001      2.000E-0024      0.000E+0000      0.000E+0000
     1.844E+0001      2.000E-0024      0.000E+0000      0.000E+0000
     1.849E+0001      2.000E-0024      0.000E+0000      0.000E+0000
     1.854E+0001      2.000E-0024      0.000E+0000      0.000E+0000
     1.859E+0001      2.000E-0024      0.000E+0000      0.000E+0000
     1.864E+0001      2.000E-0024      0.000E+0000      0.000E+0000
     1.869E+0001      2.000E-0024      0.000E+0000      0.000E+0000
     1.874E+0001      2.000E-0024      0.000E+0000      0.000E+0000
     1.879E+0001      2.000E-0024      0.000E+0000      0.000E+0000
     1.884E+0001      2.000E-0024      0.000E+0000      0.000E+0000
     1.889E+0001      2.000E-0024      0.000E+0000      0.000E+0000
     1.894E+0001      2.000E-0024      0.000E+0000      0.000E+0000
     1.899E+0001      2.000E-0024      0.000E+0000      0.000E+0000
     1.904E+0001      2.000E-0024      0.000E+0000      0.000E+0000
     1.909E+0001      2.000E-0024      0.000E+0000      0.000E+0000
     1.914E+0001      2.000E-0024      0.000E+0000      0.000E+0000
     1.919E+0001      2.000E-0024      0.000E+0000      0.000E+0000
     1.924E+0001      2.000E-0024      0.000E+0000      0.000E+0000
     1.929E+0001      2.000E-0024      0.000E+0000      0.000E+0000
     1.934E+0001      2.000E-0024      0.000E+0000      0.000E+0000
     1.939E+0001      2.000E-0024      0.000E+0000      0.000E+0000
     1.944E+0001      2.000E-0024      0.000E+0000      0.000E+0000
     1.949E+0001      2.000E-0024      0.000E+0000      0.000E+0000
     1.954E+0001      2.000E-0024      0.000E+0000      0.000E+0000
     1.959E+0001      2.000E-0024      0.000E+0000      0.000E+0000
     1.964E+0001      2.000E-0024      0.000E+0000      0.000E+0000
     1.969E+0001      2.000E-0024      0.000E+0000      0.000E+0000
     1.974E+0001      2.000E-0024      0.000E+0000      0.000E+0000
     1.979E+0001      2.000E-0024      0.000E+0000      0.000E+0000
     1.984E+0001      2.000E-0024      0.000E+0000      0.000E+0000
     1.989E+0001      2.000E-0024      0.000E+0000      0.000E+0000
     1.994E+0001      2.000E-0024      0.000E+0000      0.000E+0000
     1.999E+0001      2.000E-0024      0.000E+0000      0.000E+0000
     2.005E+0001      2.000E-0024      0.000E+0000      0.000E+0000
     2.010E+0001      2.000E-0024      0.000E+0000      0.000E+0000
     2.015E+0001      2.000E-0024      0.000E+0000      0.000E+0000
     2.020E+0001      2.000E-0024      0.000E+0000      0.000E+0000
     2.025E+0001      2.000E-0024      0.000E+0000      0.000E+0000
     2.030E+0001      2.000E-0024      0.000E+0000      0.000E+0000
     2.035E+0001      2.000E-0024      0.000E+0000      0.000E+0000
     2.040E+0001      2.000E-0024      0.000E+0000      0.000E+0000
     2.045E+0001      2.000E-0024      0.000E+0000      0.000E+0000
     2.050E+0001      2.000E-0024      0.000E+0000      0.000E+0000
     2.055E+0001      2.000E-0024      0.000E+0000      0.000E+0000
     2.060E+0001      2.000E-0024      0.000E+0000      0.000E+0000
     2.065E+0001      2.000E-0024      0.000E+0000      0.000E+0000
     2.070E+0001      2.000E-0024      0.000E+0000      0.000E+0000
     2.075E+0001      2.000E-0024      0.000E+0000      0.000E+0000
     2.080E+0001      2.000E-0024      0.000E+0000      0.000E+0000
     2.085E+0001      2.000E-0024      0.000E+0000      0.000E+0000
     2.090E+0001      2.000E-0024      0.000E+0000      0.000E+0000
     2.095E+0001      2.000E-0024      0.000E+0000      0.000E+0000
     2.100E+0001      2.000E-0024      0.000E+0000      0.000E+0000
     2.105E+0001      2.000E-0024      0.000E+0000      0.000E+0000
     2.110E+0001      2.000E-0024      0.000E+0000      0.000E+0000
     2.115E+0001      2.000E-0024      0.000E+0000      0.000E+0000
     2.120E+0001      2.000E-0024      0.000E+0000      0.000E+0000
     2.125E+0001      2.000E-0024      0.000E+0000      0.000E+0000
     2.130E+0001      2.000E-0024      0.000E+0000      0.000E+0000
     2.135E+0001      2.000E-0024      0.000E+0000      0.000E+0000
     2.140E+0001      2.000E-0024      0.000E+0000      0.000E+0000
     2.145E+0001      2.000E-0024      0.000E+0000      0.000E+0000
     2.150E+0001      2.000E-0024      0.000E+0000      0.000E+0000
     2.155E+0001      2.000E-0024      0.000E+0000      0.000E+0000
     2.160E+0001      2.000E-0024      0.000E+0000      0.000E+0000
     2.165E+0001      2.000E-0024      0.000E+0000      0.000E+0000
     2.170E+0001      2.000E-0024      0.000E+0000      0.000E+0000
     2.175E+0001      2.000E-0024      0.000E+0000      0.000E+0000
     2.180E+0001      2.000E-0024      0.000E+0000      0.000E+0000
     2.185E+0001      2.000E-0024      0.000E+0000      0.000E+0000
     2.190E+0001      2.000E-0024      0.000E+0000      0.000E+0000
     2.195E+0001      2.000E-0024      0.000E+0000      0.000E+0000
     2.200E+0001      2.000E-0024      0.000E+0000      0.000E+0000
     2.205E+0001      2.000E-0024      0.000E+0000      0.000E+0000
     2.210E+0001      2.000E-0024      0.000E+0000      0.000E+0000
     2.215E+0001      2.000E-0024      0.000E+0000      0.000E+0000
     2.220E+0001      2.000E-0024      0.000E+0000      0.000E+0000
     2.225E+0001      2.000E-0024      0.000E+0000      0.000E+0000
     2.230E+0001      2.000E-0024      0.000E+0000      0.000E+0000
     2.235E+0001      2.000E-0024      0.000E+0000      0.000E+0000
     2.240E+0001      2.000E-0024      0.000E+0000      0.000E+0000
     2.245E+0001      2.000E-0024      0.000E+0000      0.000E+0000
     2.250E+0001      2.000E-0024      0.000E+0000      0.000E+0000
     2.255E+0001      2.000E-0024      0.000E+0000      0.000E+0000
     2.260E+0001      2.000E-0024      0.000E+0000      0.000E+0000
     2.265E+0001      2.000E-0024      0.000E+0000      0.000E+0000
     2.270E+0001      2.000E-0024      0.000E+0000      0.000E+0000
     2.275E+0001      2.000E-0024      0.000E+0000      0.000E+0000
     2.280E+0001      2.000E-0024      0.000E+0000      0.000E+0000
     2.285E+0001      2.000E-0024      0.000E+0000      0.000E+0000
     2.290E+0001      2.000E-0024      0.000E+0000      0.000E+0000
     2.295E+0001      2.000E-0024      0.000E+0000      0.000E+0000
     2.300E+0001      2.000E-0024      0.000E+0000      0.000E+0000
     2.305E+0001      2.000E-0024      0.000E+0000      0.000E+0000
     2.310E+0001      2.000E-0024      0.000E+0000      0.000E+0000
     2.315E+0001      2.000E-0024      0.000E+0000      0.000E+0000
     2.320E+0001      2.000E-0024      0.000E+0000      0.000E+0000
     2.325E+0001      2.000E-0024      0.000E+0000      0.000E+0000
     2.330E+0001      2.000E-0024      0.000E+0000      0.000E+0000
     2.335E+0001      2.000E-0024      0.000E+0000      0.000E+0000
     2.340E+0001      2.000E-0024      0.000E+0000      0.000E+0000
     2.345E+0001      2.000E-0024      0.000E+0000      0.000E+0000
     2.350E+0001      2.000E-0024      0.000E+0000      0.000E+0000
     2.355E+0001      2.000E-0024      0.000E+0000      0.000E+0000
     2.360E+0001      2.000E-0024      0.000E+0000      0.000E+0000
     2.365E+0001      2.000E-0024      0.000E+0000      0.000E+0000
     2.370E+0001      2.000E-0024      0.000E+0000      0.000E+0000
     2.375E+0001      2.000E-0024      0.000E+0000      0.000E+0000
     2.380E+0001      2.000E-0024      0.000E+0000      0.000E+0000
     2.385E+0001      2.000E-0024      0.000E+0000      0.000E+0000
     2.390E+0001      2.000E-0024      0.000E+0000      0.000E+0000
     2.395E+0001      2.000E-0024      0.000E+0000      0.000E+0000
     2.400E+0001      2.000E-0024      0.000E+0000      0.000E+0000
     2.405E+0001      2.000E-0024      0.000E+0000      0.000E+0000
     2.410E+0001      2.000E-0024      0.000E+0000      0.000E+0000
     2.415E+0001      2.000E-0024      0.000E+0000      0.000E+0000
     2.420E+0001      2.000E-0024      0.000E+0000      0.000E+0000
     2.425E+0001      2.000E-0024      0.000E+0000      0.000E+0000
     2.430E+0001      2.000E-0024      0.000E+0000      0.000E+0000
     2.435E+0001      2.000E-0024      0.000E+0000      0.000E+0000
     2.440E+0001      2.000E-0024      0.000E+0000      0.000E+0000
     2.445E+0001      2.000E-0024      0.000E+0000      0.000E+0000
     2.450E+0001      2.000E-0024      0.000E+0000      0.000E+0000
     2.455E+0001      2.000E-0024      0.000E+0000      0.000E+0000
     2.460E+0001      2.000E-0024      0.000E+0000      0.000E+0000
     2.465E+0001      2.000E-0024      0.000E+0000      0.000E+0000
     2.470E+0001      2.000E-0024      0.000E+0000      0.000E+0000
     2.475E+0001      2.000E-0024      0.000E+0000      0.000E+0000
     2.480E+0001      2.000E-0024      0.000E+0000      0.000E+0000
     2.485E+0001      2.000E-0024      0.000E+0000      0.000E+0000
     2.490E+0001      2.000E-0024      0.000E+0000      0.000E+0000
     2.495E+0001      2.000E-0024      0.000E+0000      0.000E+0000
     2.500E+0001      2.000E-0024      0.000E+0000      0.000E+0000
     2.505E+0001      2.000E-0024      0.000E+0000      0.000E+0000
     2.510E+0001      2.000E-0024      0.000E+0000      0.000E+0000
     2.515E+0001      2.000E-0024      0.000E+0000      0.000E+0000
     2.520E+0001      2.000E-0024      0.000E+0000      0.000E+0000
     2.525E+0001      2.000E-0024      0.000E+0000      0.000E+0000
     2.530E+0001      2.000E-0024      0.000E+0000      0.000E+0000
     2.535E+0001      2.000E-0024      0.000E+0000      0.000E+0000
     2.540E+0001      2.000E-0024      0.000E+0000      0.000E+0000
     2.545E+0001      2.000E-0024      0.000E+0000      0.000E+0000
     2.550E+0001      2.000E-0024      0.000E+0000      0.000E+0000
     2.555E+0001      2.000E-0024      0.000E+0000      0.000E+0000
     2.560E+0001      2.000E-0024      0.000E+0000      0.000E+0000
     2.565E+0001      2.000E-0024      0.000E+0000      0.000E+0000
     2.570E+0001      2.000E-0024      0.000E+0000      0.000E+0000
     2.575E+0001      2.000E-0024      0.000E+0000      0.000E+0000
     2.580E+0001      2.000E-0024      0.000E+0000      0.000E+0000
     2.585E+0001      2.000E-0024      0.000E+0000      0.000E+0000
     2.590E+0001      2.000E-0024      0.000E+0000      0.000E+0000
     2.595E+0001      2.000E-0024      0.000E+0000      0.000E+0000
     2.600E+0001      2.000E-0024      0.000E+0000      0.000E+0000
     2.605E+0001      2.000E-0024      0.000E+0000      0.000E+0000
     2.610E+0001      2.000E-0024      0.000E+0000      0.000E+0000
     2.615E+0001      2.000E-0024      0.000E+0000      0.000E+0000
     2.620E+0001      2.000E-0024      0.000E+0000      0.000E+0000
     2.625E+0001      2.000E-0024      0.000E+0000      0.000E+0000
     2.630E+0001      2.000E-0024      0.000E+0000      0.000E+0000
     2.635E+0001      2.000E-0024      0.000E+0000      0.000E+0000
     2.640E+0001      2.000E-0024      0.000E+0000      0.000E+0000
     2.645E+0001      2.000E-0024      0.000E+0000      0.000E+0000
     2.650E+0001      2.000E-0024      0.000E+0000      0.000E+0000
     2.655E+0001      2.000E-0024      0.000E+0000      0.000E+0000
     2.660E+0001      2.000E-0024      0.000E+0000      0.000E+0000
     2.665E+0001      2.000E-0024      0.000E+0000      0.000E+0000
     2.670E+0001      2.000E-0024      0.000E+0000      0.000E+0000
     2.675E+0001      2.000E-0024      0.000E+0000      0.000E+0000
     2.680E+0001      2.000E-0024      0.000E+0000      0.000E+0000
     2.685E+0001      2.000E-0024      0.000E+0000      0.000E+0000
     2.690E+0001      2.000E-0024      0.000E+0000      0.000E+0000
     2.695E+0001      2.000E-0024      0.000E+0000      0.000E+0000
     2.700E+0001      2.000E-0024      0.000E+0000      0.000E+0000
     2.705E+0001      2.000E-0024      0.000E+0000      0.000E+0000
     2.710E+0001      2.000E-0024      0.000E+0000      0.000E+0000
     2.715E+0001      2.000E-0024      0.000E+0000      0.000E+0000
     2.720E+0001      2.000E-0024      0.000E+0000      0.000E+0000
     2.725E+0001      2.000E-0024      0.000E+0000      0.000E+0000
     2.730E+0001      2.000E-0024      0.000E+0000      0.000E+0000
     2.735E+0001      2.000E-0024      0.000E+0000      0.000E+0000
     2.740E+0001      2.000E-0024      0.000E+0000      0.000E+0000
     2.745E+0001      2.000E-0024      0.000E+0000      0.000E+0000
     2.750E+0001      2.000E-0024      0.000E+0000      0.000E+0000
     2.755E+0001      2.000E-0024      0.000E+0000      0.000E+0000
     2.760E+0001      2.000E-0024      0.000E+0000      0.000E+0000
     2.765E+0001      2.000E-0024      0.000E+0000      0.000E+0000
     2.770E+0001      2.000E-0024      0.000E+0000      0.000E+0000
     2.775E+0001      2.000E-0024      0.000E+0000      0.000E+0000
     2.780E+0001      2.000E-0024      0.000E+0000      0.000E+0000
     2.785E+0001      2.000E-0024      0.000E+0000      0.000E+0000
     2.790E+0001      2.000E-0024      0.000E+0000      0.000E+0000
     2.795E+0001      2.000E-0024      0.000E+0000      0.000E+0000
     2.800E+0001      2.000E-0024      0.000E+0000      0.000E+0000
     2.805E+0001      2.000E-0024      0.000E+0000      0.000E+0000
     2.810E+0001      2.000E-0024      0.000E+0000      0.000E+0000
     2.815E+0001      2.000E-0024      0.000E+0000      0.000E+0000
     2.820E+0001      2.000E-0024      0.000E+0000      0.000E+0000
     2.825E+0001      2.000E-0024      0.000E+0000      0.000E+0000
     2.830E+0001      2.000E-0024      0.000E+0000      0.000E+0000
     2.835E+0001      2.000E-0024      0.000E+0000      0.000E+0000
     2.840E+0001      2.000E-0024      0.000E+0000      0.000E+0000
     2.845E+0001      2.000E-0024      0.000E+0000      0.000E+0000
     2.850E+0001      2.000E-0024      0.000E+0000      0.000E+0000
     2.855E+0001      2.000E-0024      0.000E+0000      0.000E+0000
     2.860E+0001      2.000E-0024      0.000E+0000      0.000E+0000
     2.865E+0001      2.000E-0024      0.000E+0000      0.000E+0000
     2.870E+0001      2.000E-0024      0.000E+0000      0.000E+0000
     2.875E+0001      2.000E-0024      0.000E+0000      0.000E+0000
     2.880E+0001      2.000E-0024      0.000E+0000      0.000E+0000
     2.885E+0001      2.000E-0024      0.000E+0000      0.000E+0000
     2.890E+0001      2.000E-0024      0.000E+0000      0.000E+0000
     2.895E+0001      2.000E-0024      0.000E+0000      0.000E+0000
     2.900E+0001      2.000E-0024      0.000E+0000      0.000E+0000
     2.905E+0001      2.000E-0024      0.000E+0000      0.000E+0000
     2.910E+0001      2.000E-0024      0.000E+0000      0.000E+0000
     2.915E+0001      2.000E-0024      0.000E+0000      0.000E+0000
     2.920E+0001      2.000E-0024      0.000E+0000      0.000E+0000
     2.925E+0001      2.000E-0024      0.000E+0000      0.000E+0000
     2.930E+0001      2.000E-0024      0.000E+0000      0.000E+0000
     2.935E+0001      2.000E-0024      0.000E+0000      0.000E+0000
     2.940E+0001      2.000E-0024      0.000E+0000      0.000E+0000
     2.945E+0001      2.000E-0024      0.000E+0000      0.000E+0000
     2.950E+0001      2.000E-0024      0.000E+0000      0.000E+0000
     2.955E+0001      2.000E-0024      0.000E+0000      0.000E+0000
     2.960E+0001      2.000E-0024      0.000E+0000      0.000E+0000
     2.965E+0001      2.000E-0024      0.000E+0000      0.000E+0000
     2.970E+0001      2.000E-0024      0.000E+0000      0.000E+0000
     2.975E+0001      2.000E-0024      0.000E+0000      0.000E+0000
     2.980E+0001      2.000E-0024      0.000E+0000      0.000E+0000
     2.985E+0001      2.000E-0024      0.000E+0000      0.000E+0000
     2.990E+0001      2.000E-0024      0.000E+0000      0.000E+0000
     2.995E+0001      2.000E-0024      0.000E+0000      0.000E+0000
     3.001E+0001      2.000E-0024      0.000E+0000      0.000E+0000
     3.006E+0001      2.000E-0024      0.000E+0000      0.000E+0000
     3.011E+0001      2.000E-0024      0.000E+0000      0.000E+0000
     3.016E+0001      2.000E-0024      0.000E+0000      0.000E+0000
     3.021E+0001      2.000E-0024      0.000E+0000      0.000E+0000
     3.026E+0001      2.000E-0024      0.000E+0000      0.000E+0000
     3.031E+0001      2.000E-0024      0.000E+0000      0.000E+0000
     3.036E+0001      2.000E-0024      0.000E+0000      0.000E+0000
     3.041E+0001      2.000E-0024      0.000E+0000      0.000E+0000
     3.046E+0001      2.000E-0024      0.000E+0000      0.000E+0000
     3.051E+0001      2.000E-0024      0.000E+0000      0.000E+0000
     3.056E+0001      2.000E-0024      0.000E+0000      0.000E+0000
     3.061E+0001      2.000E-0024      0.000E+0000      0.000E+0000
     3.066E+0001      2.000E-0024      0.000E+0000      0.000E+0000
     3.071E+0001      2.000E-0024      0.000E+0000      0.000E+0000
     3.076E+0001      2.000E-0024      0.000E+0000      0.000E+0000
     3.081E+0001      2.000E-0024      0.000E+0000      0.000E+0000
     3.086E+0001      2.000E-0024      0.000E+0000      0.000E+0000
     3.091E+0001      2.000E-0024      0.000E+0000      0.000E+0000
     3.096E+0001      2.000E-0024      0.000E+0000      0.000E+0000
     3.101E+0001      2.000E-0024      0.000E+0000      0.000E+0000
     3.106E+0001      2.000E-0024      0.000E+0000      0.000E+0000
     3.111E+0001      2.000E-0024      0.000E+0000      0.000E+0000
     3.116E+0001      2.000E-0024      0.000E+0000      0.000E+0000
     3.121E+0001      2.000E-0024      0.000E+0000      0.000E+0000
     3.126E+0001      2.000E-0024      0.000E+0000      0.000E+0000
     3.131E+0001      2.000E-0024      0.000E+0000      0.000E+0000
     3.136E+0001      2.000E-0024      0.000E+0000      0.000E+0000
     3.141E+0001      2.000E-0024      0.000E+0000      0.000E+0000
     3.146E+0001      2.000E-0024      0.000E+0000      0.000E+0000
     3.151E+0001      2.000E-0024      0.000E+0000      0.000E+0000
     3.156E+0001      2.000E-0024      0.000E+0000      0.000E+0000
     3.161E+0001      2.000E-0024      0.000E+0000      0.000E+0000
     3.166E+0001      2.000E-0024      0.000E+0000      0.000E+0000
     3.171E+0001      2.000E-0024      0.000E+0000      0.000E+0000
     3.176E+0001      2.000E-0024      0.000E+0000      0.000E+0000
     3.181E+0001      2.000E-0024      0.000E+0000      0.000E+0000
     3.186E+0001      2.000E-0024      0.000E+0000      0.000E+0000
     3.191E+0001      2.000E-0024      0.000E+0000      0.000E+0000
     3.196E+0001      2.000E-0024      0.000E+0000      0.000E+0000
     3.201E+0001      2.000E-0024      0.000E+0000      0.000E+0000
     3.206E+0001      2.000E-0024      0.000E+0000      0.000E+0000
     3.211E+0001      2.000E-0024      0.000E+0000      0.000E+0000
     3.216E+0001      2.000E-0024      0.000E+0000      0.000E+0000
     3.221E+0001      2.000E-0024      0.000E+0000      0.000E+0000
     3.226E+0001      2.000E-0024      0.000E+0000      0.000E+0000
     3.231E+0001      2.000E-0024      0.000E+0000      0.000E+0000
     3.236E+0001      2.000E-0024      0.000E+0000      0.000E+0000
     3.241E+0001      2.000E-0024      0.000E+0000      0.000E+0000
     3.246E+0001      2.000E-0024      0.000E+0000      0.000E+0000
     3.251E+0001      2.000E-0024      0.000E+0000      0.000E+0000
     3.256E+0001      2.000E-0024      0.000E+0000      0.000E+0000
     3.261E+0001      2.000E-0024      0.000E+0000      0.000E+0000
     3.266E+0001      2.000E-0024      0.000E+0000      0.000E+0000
     3.271E+0001      2.000E-0024      0.000E+0000      0.000E+0000
     3.276E+0001      2.000E-0024      0.000E+0000      0.000E+0000
     3.281E+0001      2.000E-0024      0.000E+0000      0.000E+0000
     3.286E+0001      2.000E-0024      0.000E+0000      0.000E+0000
     3.291E+0001      2.000E-0024      0.000E+0000      0.000E+0000
     3.296E+0001      2.000E-0024      0.000E+0000      0.000E+0000
     3.301E+0001      2.000E-0024      0.000E+0000      0.000E+0000
     3.306E+0001      2.000E-0024      0.000E+0000      0.000E+0000
     3.311E+0001      2.000E-0024      0.000E+0000      0.000E+0000
     3.316E+0001      2.000E-0024      0.000E+0000      0.000E+0000
     3.321E+0001      2.000E-0024      0.000E+0000      0.000E+0000
     3.326E+0001      2.000E-0024      0.000E+0000      0.000E+0000
     3.331E+0001      2.000E-0024      0.000E+0000      0.000E+0000
     3.336E+0001      2.000E-0024      0.000E+0000      0.000E+0000
     3.341E+0001      2.000E-0024      0.000E+0000      0.000E+0000
     3.346E+0001      2.000E-0024      0.000E+0000      0.000E+0000
     3.351E+0001      2.000E-0024      0.000E+0000      0.000E+0000
     3.356E+0001      2.000E-0024      0.000E+0000      0.000E+0000
     3.361E+0001      2.000E-0024      0.000E+0000      0.000E+0000
     3.366E+0001      2.000E-0024      0.000E+0000      0.000E+0000
     3.371E+0001      2.000E-0024      0.000E+0000      0.000E+0000
     3.376E+0001      2.000E-0024      0.000E+0000      0.000E+0000
     3.381E+0001      2.000E-0024      0.000E+0000      0.000E+0000
     3.386E+0001      2.000E-0024      0.000E+0000      0.000E+0000
     3.391E+0001      2.000E-0024      0.000E+0000      0.000E+0000
     3.396E+0001      2.000E-0024      0.000E+0000      0.000E+0000
     3.401E+0001      2.000E-0024      0.000E+0000      0.000E+0000
     3.406E+0001      2.000E-0024      0.000E+0000      0.000E+0000
     3.411E+0001      2.000E-0024      0.000E+0000      0.000E+0000
     3.416E+0001      2.000E-0024      0.000E+0000      0.000E+0000
     3.421E+0001      2.000E-0024      0.000E+0000      0.000E+0000
     3.426E+0001      2.000E-0024      0.000E+0000      0.000E+0000
     3.431E+0001      2.000E-0024      0.000E+0000      0.000E+0000
     3.436E+0001      2.000E-0024      0.000E+0000      0.000E+0000
     3.441E+0001      2.000E-0024      0.000E+0000      0.000E+0000
     3.446E+0001      2.000E-0024      0.000E+0000      0.000E+0000
     3.451E+0001      2.000E-0024      0.000E+0000      0.000E+0000
     3.456E+0001      2.000E-0024      0.000E+0000      0.000E+0000
     3.461E+0001      2.000E-0024      0.000E+0000      0.000E+0000
     3.466E+0001      2.000E-0024      0.000E+0000      0.000E+0000
     3.471E+0001      2.000E-0024      0.000E+0000      0.000E+0000
     3.476E+0001      2.000E-0024      0.000E+0000      0.000E+0000
     3.481E+0001      2.000E-0024      0.000E+0000      0.000E+0000
     3.486E+0001      2.000E-0024      0.000E+0000      0.000E+0000
     3.491E+0001      2.000E-0024      0.000E+0000      0.000E+0000
     3.496E+0001      2.000E-0024      0.000E+0000      0.000E+0000
     3.501E+0001      2.000E-0024      0.000E+0000      0.000E+0000
     3.506E+0001      2.000E-0024      0.000E+0000      0.000E+0000
     3.511E+0001      2.000E-0024      0.000E+0000      0.000E+0000
     3.516E+0001      2.000E-0024      0.000E+0000      0.000E+0000
     3.521E+0001      2.000E-0024      0.000E+0000      0.000E+0000
     3.526E+0001      2.000E-0024      0.000E+0000      0.000E+0000
     3.531E+0001      2.000E-0024      0.000E+0000      0.000E+0000
     3.536E+0001      2.000E-0024      0.000E+0000      0.000E+0000
     3.541E+0001      2.000E-0024      0.000E+0000      0.000E+0000
     3.546E+0001      2.000E-0024      0.000E+0000      0.000E+0000
     3.551E+0001      2.000E-0024      0.000E+0000      0.000E+0000
     3.556E+0001      2.000E-0024      0.000E+0000      0.000E+0000
     3.561E+0001      2.000E-0024      0.000E+0000      0.000E+0000
     3.566E+0001      2.000E-0024      0.000E+0000      0.000E+0000
     3.571E+0001      2.000E-0024      0.000E+0000      0.000E+0000
     3.576E+0001      2.000E-0024      0.000E+0000      0.000E+0000
     3.581E+0001      2.000E-0024      0.000E+0000      0.000E+0000
     3.586E+0001      2.000E-0024      0.000E+0000      0.000E+0000
     3.591E+0001      2.000E-0024      0.000E+0000      0.000E+0000
     3.596E+0001      2.000E-0024      0.000E+0000      0.000E+0000
     3.601E+0001      2.000E-0024      0.000E+0000      0.000E+0000
     3.606E+0001      2.000E-0024      0.000E+0000      0.000E+0000
     3.611E+0001      2.000E-0024      0.000E+0000      0.000E+0000
     3.616E+0001      2.000E-0024      0.000E+0000      0.000E+0000
     3.621E+0001      2.000E-0024      0.000E+0000      0.000E+0000
     3.626E+0001      2.000E-0024      0.000E+0000      0.000E+0000
     3.631E+0001      2.000E-0024      0.000E+0000      0.000E+0000
     3.636E+0001      2.000E-0024      0.000E+0000      0.000E+0000
     3.641E+0001      2.000E-0024      0.000E+0000      0.000E+0000
     3.646E+0001      2.000E-0024      0.000E+0000      0.000E+0000
     3.651E+0001      2.000E-0024      0.000E+0000      0.000E+0000
     3.656E+0001      2.000E-0024      0.000E+0000      0.000E+0000
     3.661E+0001      2.000E-0024      0.000E+0000      0.000E+0000
     3.666E+0001      2.000E-0024      0.000E+0000      0.000E+0000
     3.671E+0001      2.000E-0024      0.000E+0000      0.000E+0000
     3.676E+0001      2.000E-0024      0.000E+0000      0.000E+0000
     3.681E+0001      2.000E-0024      0.000E+0000      0.000E+0000
     3.686E+0001      2.000E-0024      0.000E+0000      0.000E+0000
     3.691E+0001      2.000E-0024      0.000E+0000      0.000E+0000
     3.696E+0001      2.000E-0024      0.000E+0000      0.000E+0000
     3.701E+0001      2.000E-0024      0.000E+0000      0.000E+0000
     3.706E+0001      2.000E-0024      0.000E+0000      0.000E+0000
     3.711E+0001      2.000E-0024      0.000E+0000      0.000E+0000
     3.716E+0001      2.000E-0024      0.000E+0000      0.000E+0000
     3.721E+0001      2.000E-0024      0.000E+0000      0.000E+0000
     3.726E+0001      2.000E-0024      0.000E+0000      0.000E+0000
     3.731E+0001      2.000E-0024      0.000E+0000      0.000E+0000
     3.736E+0001      2.000E-0024      0.000E+0000      0.000E+0000
     3.741E+0001      2.000E-0024      0.000E+0000      0.000E+0000
     3.746E+0001      2.000E-0024      0.000E+0000      0.000E+0000
     3.751E+0001      2.000E-0024      0.000E+0000      0.000E+0000
     3.756E+0001      2.000E-0024      0.000E+0000      0.000E+0000
     3.761E+0001      2.000E-0024      0.000E+0000      0.000E+0000
     3.766E+0001      2.000E-0024      0.000E+0000      0.000E+0000
     3.771E+0001      2.000E-0024      0.000E+0000      0.000E+0000
     3.776E+0001      2.000E-0024      0.000E+0000      0.000E+0000
     3.781E+0001      2.000E-0024      0.000E+0000      0.000E+0000
     3.786E+0001      2.000E-0024      0.000E+0000      0.000E+0000
     3.791E+0001      2.000E-0024      0.000E+0000      0.000E+0000
     3.796E+0001      2.000E-0024      0.000E+0000      0.000E+0000
     3.801E+0001      2.000E-0024      0.000E+0000      0.000E+0000
     3.806E+0001      2.000E-0024      0.000E+0000      0.000E+0000
     3.811E+0001      2.000E-0024      0.000E+0000      0.000E+0000
     3.816E+0001      2.000E-0024      0.000E+0000      0.000E+0000
     3.821E+0001      2.000E-0024      0.000E+0000      0.000E+0000
     3.826E+0001      2.000E-0024      0.000E+0000      0.000E+0000
     3.831E+0001      2.000E-0024      0.000E+0000      0.000E+0000
     3.836E+0001      2.000E-0024      0.000E+0000      0.000E+0000
     3.841E+0001      2.000E-0024      0.000E+0000      0.000E+0000
     3.846E+0001      2.000E-0024      0.000E+0000      0.000E+0000
     3.851E+0001      2.000E-0024      0.000E+0000      0.000E+0000
     3.856E+0001      2.000E-0024      0.000E+0000      0.000E+0000
     3.861E+0001      2.000E-0024      0.000E+0000      0.000E+0000
     3.866E+0001      2.000E-0024      0.000E+0000      0.000E+0000
     3.871E+0001      2.000E-0024      0.000E+0000      0.000E+0000
     3.876E+0001      2.000E-0024      0.000E+0000      0.000E+0000
     3.881E+0001      2.000E-0024      0.000E+0000      0.000E+0000
     3.886E+0001      2.000E-0024      0.000E+0000      0.000E+0000
     3.891E+0001      2.000E-0024      0.000E+0000      0.000E+0000
     3.896E+0001      2.000E-0024      0.000E+0000      0.000E+0000
     3.901E+0001      2.000E-0024      0.000E+0000      0.000E+0000
     3.906E+0001      2.000E-0024      0.000E+0000      0.000E+0000
     3.911E+0001      2.000E-0024      0.000E+0000      0.000E+0000
     3.916E+0001      2.000E-0024      0.000E+0000      0.000E+0000
     3.921E+0001      2.000E-0024      0.000E+0000      0.000E+0000
     3.926E+0001      2.000E-0024      0.000E+0000      0.000E+0000
     3.931E+0001      2.000E-0024      0.000E+0000      0.000E+0000
     3.936E+0001      2.000E-0024      0.000E+0000      0.000E+0000
     3.941E+0001      2.000E-0024      0.000E+0000      0.000E+0000
     3.946E+0001      2.000E-0024      0.000E+0000      0.000E+0000
     3.951E+0001      2.000E-0024      0.000E+0000      0.000E+0000
     3.956E+0001      2.000E-0024      0.000E+0000      0.000E+0000
     3.961E+0001      2.000E-0024      0.000E+0000      0.000E+0000
     3.966E+0001      2.000E-0024      0.000E+0000      0.000E+0000
     3.971E+0001      2.000E-0024      0.000E+0000      0.000E+0000
     3.976E+0001      2.000E-0024      0.000E+0000      0.000E+0000
     3.981E+0001      2.000E-0024      0.000E+0000      0.000E+0000
     3.986E+0001      2.000E-0024      0.000E+0000      0.000E+0000
     3.991E+0001      2.000E-0024      0.000E+0000      0.000E+0000
     3.996E+0001      2.000E-0024      0.000E+0000      0.000E+0000
     4.002E+0001      2.000E-0024      0.000E+0000      0.000E+0000
     4.007E+0001      2.000E-0024      0.000E+0000      0.000E+0000
     4.012E+0001      2.000E-0024      0.000E+0000      0.000E+0000
     4.017E+0001      2.000E-0024      0.000E+0000      0.000E+0000
     4.022E+0001      2.000E-0024      0.000E+0000      0.000E+0000
     4.027E+0001      2.000E-0024      0.000E+0000      0.000E+0000
     4.032E+0001      2.000E-0024      0.000E+0000      0.000E+0000
     4.037E+0001      2.000E-0024      0.000E+0000      0.000E+0000
     4.042E+0001      2.000E-0024      0.000E+0000      0.000E+0000
     4.047E+0001      2.000E-0024      0.000E+0000      0.000E+0000
     4.052E+0001      2.000E-0024      0.000E+0000      0.000E+0000
     4.057E+0001      2.000E-0024      0.000E+0000      0.000E+0000
     4.062E+0001      2.000E-0024      0.000E+0000      0.000E+0000
     4.067E+0001      2.000E-0024      0.000E+0000      0.000E+0000
     4.072E+0001      2.000E-0024      0.000E+0000      0.000E+0000
     4.077E+0001      2.000E-0024      0.000E+0000      0.000E+0000
     4.082E+0001      2.000E-0024      0.000E+0000      0.000E+0000
     4.087E+0001      2.000E-0024      0.000E+0000      0.000E+0000
     4.092E+0001      2.000E-0024      0.000E+0000      0.000E+0000
     4.097E+0001      2.000E-0024      0.000E+0000      0.000E+0000
     4.102E+0001      2.000E-0024      0.000E+0000      0.000E+0000
     4.107E+0001      2.000E-0024      0.000E+0000      0.000E+0000
     4.112E+0001      2.000E-0024      0.000E+0000      0.000E+0000
     4.117E+0001      2.000E-0024      0.000E+0000      0.000E+0000
     4.122E+0001      2.000E-0024      0.000E+0000      0.000E+0000
     4.127E+0001      2.000E-0024      0.000E+0000      0.000E+0000
     4.132E+0001      2.000E-0024      0.000E+0000      0.000E+0000
     4.137E+0001      2.000E-0024      0.000E+0000      0.000E+0000
     4.142E+0001      2.000E-0024      0.000E+0000      0.000E+0000
     4.147E+0001      2.000E-0024      0.000E+0000      0.000E+0000
     4.152E+0001      2.000E-0024      0.000E+0000      0.000E+0000
     4.157E+0001      2.000E-0024      0.000E+0000      0.000E+0000
     4.162E+0001      2.000E-0024      0.000E+0000      0.000E+0000
     4.167E+0001      2.000E-0024      0.000E+0000      0.000E+0000
     4.172E+0001      2.000E-0024      0.000E+0000      0.000E+0000
     4.177E+0001      2.000E-0024      0.000E+0000      0.000E+0000
     4.182E+0001      2.000E-0024      0.000E+0000      0.000E+0000
     4.187E+0001      2.000E-0024      0.000E+0000      0.000E+0000
     4.192E+0001      2.000E-0024      0.000E+0000      0.000E+0000
     4.197E+0001      2.000E-0024      0.000E+0000      0.000E+0000
     4.202E+0001      2.000E-0024      0.000E+0000      0.000E+0000
     4.207E+0001      2.000E-0024      0.000E+0000      0.000E+0000
     4.212E+0001      2.000E-0024      0.000E+0000      0.000E+0000
     4.217E+0001      2.000E-0024      0.000E+0000      0.000E+0000
     4.222E+0001      2.000E-0024      0.000E+0000      0.000E+0000
     4.227E+0001      2.000E-0024      0.000E+0000      0.000E+0000
     4.232E+0001      2.000E-0024      0.000E+0000      0.000E+0000
     4.237E+0001      2.000E-0024      0.000E+0000      0.000E+0000
     4.242E+0001      2.000E-0024      0.000E+0000      0.000E+0000
     4.247E+0001      2.000E-0024      0.000E+0000      0.000E+0000
     4.252E+0001      2.000E-0024      0.000E+0000      0.000E+0000
     4.257E+0001      2.000E-0024      0.000E+0000      0.000E+0000
     4.262E+0001      2.000E-0024      0.000E+0000      0.000E+0000
     4.267E+0001      2.000E-0024      0.000E+0000      0.000E+0000
     4.272E+0001      2.000E-0024      0.000E+0000      0.000E+0000
     4.277E+0001      2.000E-0024      0.000E+0000      0.000E+0000
     4.282E+0001      2.000E-0024      0.000E+0000      0.000E+0000
     4.287E+0001      2.000E-0024      0.000E+0000      0.000E+0000
     4.292E+0001      2.000E-0024      0.000E+0000      0.000E+0000
     4.297E+0001      2.000E-0024      0.000E+0000      0.000E+0000
     4.302E+0001      2.000E-0024      0.000E+0000      0.000E+0000
     4.307E+0001      2.000E-0024      0.000E+0000      0.000E+0000
     4.312E+0001      2.000E-0024      0.000E+0000      0.000E+0000
     4.317E+0001      2.000E-0024      0.000E+0000      0.000E+0000
     4.322E+0001      2.000E-0024      0.000E+0000      0.000E+0000
     4.327E+0001      2.000E-0024      0.000E+0000      0.000E+0000
     4.332E+0001      2.000E-0024      0.000E+0000      0.000E+0000
     4.337E+0001      2.000E-0024      0.000E+0000      0.000E+0000
     4.342E+0001      2.000E-0024      0.000E+0000      0.000E+0000
     4.347E+0001      2.000E-0024      0.000E+0000      0.000E+0000
     4.352E+0001      2.000E-0024      0.000E+0000      0.000E+0000
     4.357E+0001      2.000E-0024      0.000E+0000      0.000E+0000
     4.362E+0001      2.000E-0024      0.000E+0000      0.000E+0000
     4.367E+0001      2.000E-0024      0.000E+0000      0.000E+0000
     4.372E+0001      2.000E-0024      0.000E+0000      0.000E+0000
     4.377E+0001      2.000E-0024      0.000E+0000      0.000E+0000
     4.382E+0001      2.000E-0024      0.000E+0000      0.000E+0000
     4.387E+0001      2.000E-0024      0.000E+0000      0.000E+0000
     4.392E+0001      2.000E-0024      0.000E+0000      0.000E+0000
     4.397E+0001      2.000E-0024      0.000E+0000      0.000E+0000
     4.402E+0001      2.000E-0024      0.000E+0000      0.000E+0000
     4.407E+0001      2.000E-0024      0.000E+0000      0.000E+0000
     4.412E+0001      2.000E-0024      0.000E+0000      0.000E+0000
     4.417E+0001      2.000E-0024      0.000E+0000      0.000E+0000
     4.422E+0001      2.000E-0024      0.000E+0000      0.000E+0000
     4.427E+0001      2.000E-0024      0.000E+0000      0.000E+0000
     4.432E+0001      2.000E-0024      0.000E+0000      0.000E+0000
     4.437E+0001      2.000E-0024      0.000E+0000      0.000E+0000
     4.442E+0001      2.000E-0024      0.000E+0000      0.000E+0000
     4.447E+0001      2.000E-0024      0.000E+0000      0.000E+0000
     4.452E+0001      2.000E-0024      0.000E+0000      0.000E+0000
     4.457E+0001      2.000E-0024      0.000E+0000      0.000E+0000
     4.462E+0001      2.000E-0024      0.000E+0000      0.000E+0000
     4.467E+0001      2.000E-0024      0.000E+0000      0.000E+0000
     4.472E+0001      2.000E-0024      0.000E+0000      0.000E+0000
     4.477E+0001      2.000E-0024      0.000E+0000      0.000E+0000
     4.482E+0001      2.000E-0024      0.000E+0000      0.000E+0000
     4.487E+0001      2.000E-0024      0.000E+0000      0.000E+0000
     4.492E+0001      2.000E-0024      0.000E+0000      0.000E+0000
     4.497E+0001      2.000E-0024      0.000E+0000      0.000E+0000
     4.502E+0001      2.000E-0024      0.000E+0000      0.000E+0000
     4.507E+0001      2.000E-0024      0.000E+0000      0.000E+0000
     4.512E+0001      2.000E-0024      0.000E+0000      0.000E+0000
     4.517E+0001      2.000E-0024      0.000E+0000      0.000E+0000
     4.522E+0001      2.000E-0024      0.000E+0000      0.000E+0000
     4.527E+0001      2.000E-0024      0.000E+0000      0.000E+0000
     4.532E+0001      2.000E-0024      0.000E+0000      0.000E+0000
     4.537E+0001      2.000E-0024      0.000E+0000      0.000E+0000
     4.542E+0001      2.000E-0024      0.000E+0000      0.000E+0000
     4.547E+0001      2.000E-0024      0.000E+0000      0.000E+0000
     4.552E+0001      2.000E-0024      0.000E+0000      0.000E+0000
     4.557E+0001      2.000E-0024      0.000E+0000      0.000E+0000
     4.562E+0001      2.000E-0024      0.000E+0000      0.000E+0000
     4.567E+0001      2.000E-0024      0.000E+0000      0.000E+0000
     4.572E+0001      2.000E-0024      0.000E+0000      0.000E+0000
     4.577E+0001      2.000E-0024      0.000E+0000      0.000E+0000
     4.582E+0001      2.000E-0024      0.000E+0000      0.000E+0000
     4.587E+0001      2.000E-0024      0.000E+0000      0.000E+0000
     4.592E+0001      2.000E-0024      0.000E+0000      0.000E+0000
     4.597E+0001      2.000E-0024      0.000E+0000      0.000E+0000
     4.602E+0001      2.000E-0024      0.000E+0000      0.000E+0000
     4.607E+0001      2.000E-0024      0.000E+0000      0.000E+0000
     4.612E+0001      2.000E-0024      0.000E+0000      0.000E+0000
     4.617E+0001      2.000E-0024      0.000E+0000      0.000E+0000
     4.622E+0001      2.000E-0024      0.000E+0000      0.000E+0000
     4.627E+0001      2.000E-0024      0.000E+0000      0.000E+0000
     4.632E+0001      2.000E-0024      0.000E+0000      0.000E+0000
     4.637E+0001      2.000E-0024      0.000E+0000      0.000E+0000
     4.642E+0001      2.000E-0024      0.000E+0000      0.000E+0000
     4.647E+0001      2.000E-0024      0.000E+0000      0.000E+0000
     4.652E+0001      2.000E-0024      0.000E+0000      0.000E+0000
     4.657E+0001      2.000E-0024      0.000E+0000      0.000E+0000
     4.662E+0001      2.000E-0024      0.000E+0000      0.000E+0000
     4.667E+0001      2.000E-0024      0.000E+0000      0.000E+0000
     4.672E+0001      2.000E-0024      0.000E+0000      0.000E+0000
     4.677E+0001      2.000E-0024      0.000E+0000      0.000E+0000
     4.682E+0001      2.000E-0024      0.000E+0000      0.000E+0000
     4.687E+0001      2.000E-0024      0.000E+0000      0.000E+0000
     4.692E+0001      2.000E-0024      0.000E+0000      0.000E+0000
     4.697E+0001      2.000E-0024      0.000E+0000      0.000E+0000
     4.702E+0001      2.000E-0024      0.000E+0000      0.000E+0000
     4.707E+0001      2.000E-0024      0.000E+0000      0.000E+0000
     4.712E+0001      2.000E-0024      0.000E+0000      0.000E+0000
     4.717E+0001      2.000E-0024      0.000E+0000      0.000E+0000
     4.722E+0001      2.000E-0024      0.000E+0000      0.000E+0000
     4.727E+0001      2.000E-0024      0.000E+0000      0.000E+0000
     4.732E+0001      2.000E-0024      0.000E+0000      0.000E+0000
     4.737E+0001      2.000E-0024      0.000E+0000      0.000E+0000
     4.742E+0001      2.000E-0024      0.000E+0000      0.000E+0000
     4.747E+0001      2.000E-0024      0.000E+0000      0.000E+0000
     4.752E+0001      2.000E-0024      0.000E+0000      0.000E+0000
     4.757E+0001      2.000E-0024      0.000E+0000      0.000E+0000
     4.762E+0001      2.000E-0024      0.000E+0000      0.000E+0000
     4.767E+0001      2.000E-0024      0.000E+0000      0.000E+0000
     4.772E+0001      2.000E-0024      0.000E+0000      0.000E+0000
     4.777E+0001      2.000E-0024      0.000E+0000      0.000E+0000
     4.782E+0001      2.000E-0024      0.000E+0000      0.000E+0000
     4.787E+0001      2.000E-0024      0.000E+0000      0.000E+0000
     4.792E+0001      2.000E-0024      0.000E+0000      0.000E+0000
     4.797E+0001      2.000E-0024      0.000E+0000      0.000E+0000
     4.802E+0001      2.000E-0024      0.000E+0000      0.000E+0000
     4.807E+0001      2.000E-0024      0.000E+0000      0.000E+0000
     4.812E+0001      2.000E-0024      0.000E+0000      0.000E+0000
     4.817E+0001      2.000E-0024      0.000E+0000      0.000E+0000
     4.822E+0001      2.000E-0024      0.000E+0000      0.000E+0000
     4.827E+0001      2.000E-0024      0.000E+0000      0.000E+0000
     4.832E+0001      2.000E-0024      0.000E+0000      0.000E+0000
     4.837E+0001      2.000E-0024      0.000E+0000      0.000E+0000
     4.842E+0001      2.000E-0024      0.000E+0000      0.000E+0000
     4.847E+0001      2.000E-0024      0.000E+0000      0.000E+0000
     4.852E+0001      2.000E-0024      0.000E+0000      0.000E+0000
     4.857E+0001      2.000E-0024      0.000E+0000      0.000E+0000
     4.862E+0001      2.000E-0024      0.000E+0000      0.000E+0000
     4.867E+0001      2.000E-0024      0.000E+0000      0.000E+0000
     4.872E+0001      2.000E-0024      0.000E+0000      0.000E+0000
     4.877E+0001      2.000E-0024      0.000E+0000      0.000E+0000
     4.882E+0001      2.000E-0024      0.000E+0000      0.000E+0000
     4.887E+0001      2.000E-0024      0.000E+0000      0.000E+0000
     4.892E+0001      2.000E-0024      0.000E+0000      0.000E+0000
     4.897E+0001      2.000E-0024      0.000E+0000      0.000E+0000
     4.902E+0001      2.000E-0024      0.000E+0000      0.000E+0000
     4.907E+0001      2.000E-0024      0.000E+0000      0.000E+0000
     4.912E+0001      2.000E-0024      0.000E+0000      0.000E+0000
     4.917E+0001      2.000E-0024      0.000E+0000      0.000E+0000
     4.922E+0001      2.000E-0024      0.000E+0000      0.000E+0000
     4.927E+0001      2.000E-0024      0.000E+0000      0.000E+0000
     4.932E+0001      2.000E-0024      0.000E+0000      0.000E+0000
     4.937E+0001      2.000E-0024      0.000E+0000      0.000E+0000
     4.942E+0001      2.000E-0024      0.000E+0000      0.000E+0000
     4.947E+0001      2.000E-0024      0.000E+0000      0.000E+0000
     4.952E+0001      2.000E-0024      0.000E+0000      0.000E+0000
     4.957E+0001      2.000E-0024      0.000E+0000      0.000E+0000
     4.962E+0001      2.000E-0024      0.000E+0000      0.000E+0000
     4.967E+0001      2.000E-0024      0.000E+0000      0.000E+0000
     4.972E+0001      2.000E-0024      0.000E+0000      0.000E+0000
     4.977E+0001      2.000E-0024      0.000E+0000      0.000E+0000
     4.982E+0001      2.000E-0024      0.000E+0000      0.000E+0000
     4.987E+0001      2.000E-0024      0.000E+0000      0.000E+0000
     4.992E+0001      2.000E-0024      0.000E+0000      0.000E+0000
     4.997E+0001      2.000E-0024      0.000E+0000      0.000E+0000
